1.281851697463234
1.290182452538444
1.294271808406884
1.286520217796025
1.297168745339556
1.300231776879213
1.2964080287868
1.281862374076368
1.320803439043683
1.300972768568826
1.287555336046722
1.27600768969382
1.26087935483101
1.266470338609883
1.248318812315286
1.27152061598709
1.29040138064345
1.304872341393859
1.265888608740725
1.258619331149981
1.249262578959941
1.244400559863539
1.244193179242922
1.217124470364916
1.223287281757876
1.2254044758795
1.239790558070337
1.254989121189069
1.212711944797902
1.218836958924855
1.216003276289948
1.246368723335773
1.257385329532165
1.279600825940262
1.302328274651738
1.278050870453218
1.248268833011553
1.24363393566306
1.276031354956448
1.253642061609835
1.239893230375927
1.213285375750196
1.238036193451423
1.233356803111685
1.220923137922871
1.226134029331752
1.216338992979041
1.207025627312147
1.234979629943893
1.223608744620957
1.224354399521392
1.216837591674331
1.244577028576625
1.229383972643916
1.253529806844103
1.263997977789905
1.221973922223534
1.208799644653854
1.216464699406548
1.239922685997929
1.221555697134678
1.24026529701109
1.242463696169215
1.270114760442394
1.267086222136708
1.273018909437812
1.2865732082794
1.3186589152921
1.336018559703052
1.312258702780394
1.288384311492646
1.28807084653473
1.258137520696756
1.257407217748348
1.228796571039791
1.232647732231197
1.272708099743676
1.256405705338066
1.244031577795451
1.275768422746578
1.279859163847346
1.257016264064269
1.229249620226425
1.234811701996354
1.254015370496427
1.266505525946143
1.22654404933655
1.234847353337558
1.220157643536497
1.218768984119735
1.242674877716311
1.230998984573296
1.213494555364168
1.205427310188923
1.185889140483838
1.201280091295482
1.245448588037927
1.224857848259408
1.209397977517137
1.212888610221321
1.21276960703008
1.19181452670271
1.171838941544494
1.175143349828282
1.181958421430519
1.212467791462741
1.193432876449875
1.167372915938494
1.187866145370331
1.219300346518577
1.241236325248375
1.220191365010163
1.167065095027986
1.16194013769262
1.141518730072911
1.147454170424424
1.147047558082907
1.152685581750319
1.176155827513741
1.189394729069157
1.177526122297344
1.17608117027335
1.203259781787862
1.208992195101755
1.228783525843228
1.224170007586201
1.253731516478442
1.243412740435156
1.239160501587699
1.254408731330102
1.255465370765111
1.276945810206916
1.27902490480553
1.287332660370424
1.297256821001173
1.314780190432143
1.337202177738539
1.328608333043614
1.326998242088327
1.295456019403542
1.292799423594864
1.274684413836395
1.292999581176689
1.29620499237286
1.254832033482828
1.264389346972309
1.2644616714429
1.266557948711419
1.243010035522061
1.232238281549642
1.232255087037073
1.251545422884732
1.304423784135731
1.287893288470997
1.26767198138181
1.276902227513524
1.252703703627231
1.236548000744142
1.262770280002479
1.263270299499003
1.286558658526813
1.264989155614378
1.256619591221464
1.23084961126007
1.233283831063879
1.212327740903354
1.227498831540534
1.250957160205327
1.286272269045618
1.293377034728323
1.316914489951109
1.289493926739523
1.253391530601783
1.257142302978822
1.26027122555152
1.251847281715007
1.245052032085206
1.264757480581497
1.241948408480596
1.230654871197032
1.263188633352108
1.243528178388259
1.241587736325518
1.259321531603145
1.246919882002547
1.228920947761319
1.22863646344587
1.199139483883826
1.166348494343396
1.184089986951459
1.196303221808088
1.222484721903964
1.245626447919981
1.268764797875946
1.238035769051602
1.22512122682446
1.243292185748695
1.221792302807822
1.194766859419675
1.198294286510833
1.203658642956354
1.203207997046242
1.195449207649953
1.169071941036965
1.166144428483132
1.179149809211058
1.193671411970588
1.182540005858828
1.198634409341866
1.204650095003094
1.221804405390442
1.2258705875162
1.207024071276575
1.218135713310309
1.201844988290311
1.193295382379774
1.216549570165518
1.232772168267335
1.240189961247801
1.257651827000015
1.278478275546043
1.258077638453185
1.252733694481944
1.266166684892982
1.217786427399369
1.20306400392748
1.203972556832708
1.192946611070373
1.172506623421111
1.154729388260359
1.164347704366797
1.192014627086415
1.202970902702505
1.180262246436516
1.204001828796513
1.186640127489715
1.196692057168873
1.198922989336663
1.232158946809554
1.228039929953371
1.214455006298953
1.221061405268576
1.197648801707936
1.185468069116606
1.244832135815288
1.237225453999432
1.235077510644139
1.253014072825414
1.258299859729011
1.271527603731636
1.246350213372674
1.26410146922948
1.290955350720943
1.265248377412599
1.270176020410346
1.259649551873718
1.25094600870549
1.275394363856231
1.289844408191793
1.269421812755498
1.276630841114441
1.299967155659838
1.327301793831674
1.333159718293341
1.31309712280159
1.317963266955599
1.313885604998534
1.324526777880877
1.335538071983309
1.318839286755697
1.335017402267139
1.356421966050191
1.370676616264054
1.388431681541272
1.353268428305543
1.36163557642191
1.366867803190736
1.346400072701402
1.317297563356584
1.323207356596251
1.294318549488298
1.297329761530726
1.274072397119057
1.251240029047357
1.277157977751096
1.272349190603824
1.284004174854271
1.297394789292708
1.239200857890848
1.245728786056857
1.256166945184654
1.266155879906008
1.277679098627294
1.27006933229732
1.284233173915873
1.255405999306102
1.221760904300229
1.231238081141705
1.215182173797575
1.196099124921931
1.226376889697539
1.21800139706908
1.237197321796029
1.260304053702242
1.309601857215206
1.291179011166403
1.263227278482733
1.280899698157537
1.266703687921682
1.259510482192346
1.277008880379566
1.296974459038877
1.259181740603779
1.260994035151338
1.240667089904963
1.233409750790556
1.257290137505183
1.244651828039113
1.24008271408827
1.235260789269487
1.23930886838148
1.243456224780909
1.204012423216513
1.206473918187594
1.188150543853604
1.192162980465223
1.177562909797315
1.191058325100123
1.177408640406245
1.169707513541373
1.164851792249989
1.156881249429251
1.165701901136416
1.184225349265043
1.179299058908505
1.205356934471537
1.222489496868458
1.215706927085013
1.200121326949469
1.196831283513144
1.245294824936474
1.227694051901919
1.205098725686053
1.2071379522124
1.163278113598468
1.180604706462336
1.199338336005652
1.185766136881004
1.214307992310083
1.197699238041969
1.192196579208287
1.167008566652419
1.147138467285892
1.13187809049147
1.161284489320893
1.150473211501624
1.144410179381828
1.127970764601181
1.125781202359518
1.126425063066062
1.171206874905066
1.176016727156098
1.152300092934973
1.1326909201436
1.13351150348088
1.122213728608632
1.159654603583925
1.165485271486555
1.15984341695147
1.131865159910477
1.130612693924484
1.144189423913628
1.157361754217583
1.15881341573506
1.140408430109338
1.128525494102269
1.118750268049829
1.104996139842863
1.117771829605905
1.12861963316659
1.117817280390751
1.141687555092595
1.150543507707646
1.168574780029521
1.179986417001519
1.17511328294916
1.197984720731461
1.187730698206899
1.157741224248122
1.166336687091245
1.135414130489211
1.14810757826387
1.171598798408226
1.151692019522519
1.132739711544465
1.140859323441541
1.123642280107377
1.121345523752221
1.13443253219595
1.120007394560378
1.102525708095813
1.11266638125466
1.116566964573992
1.098215204700266
1.089020613726756
1.08309078972582
1.072895852968786
1.05264786720093
1.054274623430713
1.051301600044789
1.069592260525962
1.065931012608913
1.083388504172513
1.081695100684826
1.088168621878856
1.075620696431873
1.09892074934606
1.085164766595663
1.104377285774113
1.092966707340065
1.090948789635821
1.106207785618838
1.092782215614165
1.098359977994252
1.085864285411703
1.068417415908505
1.082296543692799
1.076284399026164
1.074197635081777
1.063411926174881
1.058535743379241
1.041410155200578
1.060312419572503
1.086577289889222
1.091479495496967
1.093448253875799
1.088285883272024
1.076658064582435
1.110055969077198
1.107733436980609
1.123597637533051
1.135269424423134
1.103095792402912
1.115180773063144
1.093882857209868
1.107989169325946
1.109741910144638
1.080937911600723
1.023681608146557
1.018006546527458
1.017614323292382
1.013014947064115
1.025976586778242
1.047523149208227
1.045487931164399
1.021864206201988
0.9988284213957391
0.9991066730990869
0.993185959473516
0.9792477780504942
0.9877242539812281
1.01116029731286
1.022794096101284
1.010903518326942
1.020960728821463
1.041788862565092
1.022163170043584
1.020320066403992
1.037756991372639
1.055713516506883
1.031247898774547
1.046231310428699
1.069219353610081
1.059477564158728
1.066273530719812
1.060351433667205
1.094963482047343
1.083969050109528
1.07079848616951
1.082061772970986
1.063169976636129
1.062683357951094
1.060898703741092
1.06823097283387
1.052887984943993
1.07232962964222
1.0557368792572
1.077812456334036
1.10090874905164
1.121547697829917
1.115815121488578
1.121719753958474
1.103680677121607
1.124839820358224
1.127075743926401
1.136563652726856
1.140419183118664
1.153762440338981
1.157868008076508
1.161555279928665
1.133140476080745
1.104170789398627
1.119961154972883
1.154577339132288
1.187260404546193
1.16842118676369
1.147769320379924
1.163060815250634
1.170334062519789
1.161269686249729
1.140983367293757
1.151286185547412
1.125186729723037
1.133266556272865
1.136881643101106
1.152268791713537
1.167347872914525
1.159868657509971
1.159532453647027
1.145918913258475
1.169353029449467
1.165656818595492
1.189251130987682
1.172507460492205
1.181107965814646
1.206061506795016
1.212839782144595
1.238927537990771
1.203813054185046
1.186248769972466
1.188986269179666
1.205769865223013
1.207098544785521
1.19240279930561
1.200248452000431
1.206137576307604
1.204852718714247
1.183969310411763
1.185575717140393
1.188076445361988
1.221457421895454
1.226618523231408
1.263769679775639
1.247727162896761
1.254631439930517
1.275712431202722
1.281286535917108
1.305287916401638
1.243346199339342
1.263246641528307
1.280494155675693
1.290845277069297
1.273409099638555
1.271784022416023
1.264039986041419
1.247916367214232
1.227701256684594
1.224816104104566
1.232210270854582
1.22429113537982
1.209785768453132
1.195240942539963
1.204225548175946
1.217756647657104
1.20254201884264
1.176469512029566
1.166905420632283
1.168335943067505
1.19757421364725
1.202714193185277
1.195892022160034
1.177497366764561
1.203966738403758
1.202900534497678
1.238053693288029
1.212166901973362
1.157464439388844
1.165190027910662
1.17424502946839
1.155676009496935
1.169304356512189
1.195112060552861
1.19538554787715
1.181533223579548
1.183782887207667
1.194797215591985
1.173351452337792
1.19022968909395
1.217454478321374
1.208897908423958
1.196311718046682
1.159833565991053
1.127077456830531
1.135581304199813
1.142281501420662
1.123471509787338
1.095482288187664
1.104971170926194
1.087138690362944
1.076340065906828
1.102759232454661
1.097041333826471
1.105895990395094
1.110084986106953
1.122610647391164
1.108217079833347
1.12144493627424
1.126388390315734
1.168948530232374
1.196212348972794
1.178042242496091
1.180484857032877
1.152257214247129
1.151346135717805
1.154392810980148
1.169266833888759
1.140634109598859
1.1371506156319
1.120619891493013
1.142505599135331
1.153250546751815
1.13835956099678
1.166745717754911
1.138392626353677
1.092066348684003
1.109818255144919
1.128380820003264
1.110873964846604
1.112449214895893
1.097302757143677
1.112275056427072
1.105004021773857
1.134047442785701
1.15320227201275
1.12523358000589
1.129116863669417
1.118983966719067
1.117296140858532
1.084834065337021
1.091291246247585
1.105002755089061
1.111530635652622
1.127141821937022
1.12816402841028
1.095004258526263
1.085339453168887
1.108517833872459
1.093534267570841
1.095858285526008
1.09882761992875
1.115643078321456
1.123043039782241
1.081582556865659
1.08239314947093
1.107261968543225
1.099520248315782
1.084632083174678
1.07585259987429
1.092179204142916
1.106077186560696
1.056780785865607
1.068120280988536
1.063671341688913
1.077976726491839
1.09477520500863
1.098185336938929
1.104131996627848
1.131655218560597
1.112531654420726
1.123273338999444
1.125332009339456
1.137054245222415
1.157275441069411
1.143035978124222
1.123364337612591
1.131773108797964
1.139071567195633
1.124095371495351
1.117495015423475
1.122576954825759
1.185835384983408
1.167465439520617
1.148853408696666
1.152502074399575
1.131531145214164
1.114843135462196
1.132769357756523
1.140863957941556
1.075056712599975
1.073905590003405
1.089713919607613
1.100151570097067
1.113843727068758
1.125157454754002
1.108530282010571
1.108041891843546
1.1348664249635
1.128439022770615
1.138253315865412
1.124774836207761
1.117137748028455
1.119278118449597
1.09942586430958
1.084758450824094
1.081410667723305
1.075320713766907
1.068126205131496
1.053208440625458
1.089509495828441
1.11092321827747
1.113684383781016
1.086647376692656
1.086981298275648
1.090182493625037
1.07799370646233
1.060736885192797
1.068145068961849
1.05720899745603
1.05421124183242
1.072533086019068
1.107604939920727
1.105399609594013
1.115810100145911
1.142328410353306
1.106512940593012
1.091806753503069
1.078308288902464
1.078534141396103
1.057100051898652
1.072317396588736
1.059905891335224
1.062723300161664
1.078600846195459
1.096108998142792
1.088437776201122
1.068953303929501
1.075921092804376
1.068398884609662
1.051348274659189
1.032941534878958
1.005560066136631
1.010497198811997
1.010722978881826
1.041206822238264
1.055758041039028
1.067363652195272
1.069505210850396
1.06192737194445
1.051472131295948
1.029378440136191
1.022800022683737
1.023563730855347
1.010623148175194
1.00131041529167
0.9687669658695532
0.979585834460153
0.989217816927044
0.9789132545596158
1.006790653393596
1.020348317808574
1.003994286392369
0.9983275286490809
1.023117914086783
1.03319863579278
1.030265868639985
1.063088725297695
1.082645887301893
1.07181819188056
1.093641725282402
1.115199027501127
1.097898674949986
1.110127149982192
1.142531754577904
1.138528532119156
1.13627940033223
1.10325502229488
1.082342136750347
1.087202872886947
1.104609442162036
1.102024980740382
1.07926459625926
1.065914770562626
1.092807277552096
1.098445851619069
1.112852448997522
1.094301900786071
1.082676380506302
1.083788094247878
1.060428434072863
1.043871717119455
1.061763909429607
1.075196066094245
1.073685492027907
1.054649533640305
1.047258441919233
1.021036963020928
1.05694782787249
1.038305856495887
1.04769872490345
1.037597522065496
1.049595228991962
1.040217292051679
1.049384766910332
1.060760838638309
1.072796842733402
1.046427355166062
1.023080273957409
1.033906236496846
1.017258214355017
1.001931438381414
0.9963785886804806
0.9828449082911129
0.989612302255049
0.9735710682819152
0.9678865420039749
0.9461080713362591
0.9570494358813759
0.9831800646889249
0.9598295093982956
0.9784168070883112
1.001490568116221
0.9879463390575859
0.9792149405348604
0.9905457507382011
1.007904044181951
1.013161145429975
0.999613070009377
1.00777137159579
1.007842054431624
1.026873008666913
1.011043680846218
1.039606101573001
1.063161635056214
1.055306267773088
1.050193857151941
1.052140988606351
1.083675527374734
1.094714899573151
1.079004622319112
1.111247981588899
1.108366308032059
1.126193855326292
1.141582261218304
1.116811044425264
1.106542697457466
1.083749140627594
1.106830274345563
1.09732481073295
1.079443078287221
1.067433041991216
1.062423887901955
1.049918820473278
1.083963825607546
1.101088565298418
1.090113100157004
1.084317711440533
1.109030094523058
1.097952535697078
1.07605581056826
1.08438509471379
1.060252992529561
1.075059056042856
1.062971797516393
1.050244127999703
1.067068547616381
1.069932454228112
1.108941584557785
1.099419021495386
1.113466576416613
1.135945816380431
1.151658907292644
1.142224446561627
1.145972105485737
1.155522598407052
1.138709305253685
1.146914541377376
1.178281432005545
1.193548311609666
1.172518178244237
1.152866124313573
1.174145947445469
1.19355246322984
1.200930893155097
1.179712159312204
1.165270412296185
1.153028372205344
1.178736128978159
1.178639573105571
1.120664394017842
1.1392308925459
1.149270170640662
1.138124684007625
1.154964984340518
1.139243118643116
1.136081208087594
1.10678951228171
1.053696816662171
1.060094764486809
1.055614167197858
1.032683885790632
1.014104971399241
1.024387559394037
1.035857204643651
1.037673121402962
1.043572711884534
1.068667153689111
1.064289229012515
1.055955069900089
1.045698771393435
1.050226584969931
1.038498972236555
1.010167025601098
0.9922965752110575
1.00929567417477
1.008362483138245
1.023781992538428
1.000068781017624
1.013536561695999
1.004629486659283
0.9968517861561613
1.00601179963248
1.00205616352201
1.016614377241329
1.009104320958576
1.047728861682802
1.036168395413573
1.024293961626328
1.035730948131312
1.036128336385656
1.048981544552209
1.062191584079736
1.024630713718846
1.005534752334971
1.005843543143909
0.9947072474917961
0.9758911047693043
0.9777945841366158
0.9916291375443921
0.997471936460004
1.001313020755993
0.9763651732213595
0.9945674893305108
1.011208046793034
1.013992954239202
1.044534900566834
1.009128214445472
1.009713731630897
1.028495480436329
1.034384339524994
1.017483758452734
1.010954163569737
1.009255149370629
1.048598615586759
1.042019680575242
1.042603863619907
1.048223241091271
1.021314328053156
1.029056737437611
1.041090286386543
1.040151475096402
1.024035030262495
1.0113333707618
1.024585014987315
1.045787752535165
1.042097711333892
1.053116669766966
1.066686197260336
1.050862544325138
1.020266110670815
1.013719071812062
1.023729187060014
1.041062758572123
1.007938617452785
1.027410629997092
1.045349351009196
1.049391292645512
1.074932705120428
1.070613935688324
1.075693413683487
1.100802883937578
1.062452029235785
1.069785836194405
1.073329755801468
1.085281544025395
1.056064376232717
1.059365849360155
1.084894756005093
1.073275240927805
1.081818170392596
1.080584673633241
1.106437075439165
1.097527677477675
1.107790987278977
1.104739704202006
1.11567751369641
1.135672031826032
1.132294299037755
1.137670643325803
1.139713746287176
1.158853898491118
1.115792489298638
1.120265032697802
1.095414504004736
1.101972879875452
1.111924327215198
1.127898244937671
1.131936685350591
1.148224790151691
1.176044397166197
1.195587884839985
1.180242904846299
1.166227081598107
1.157028354053309
1.139622876873881
1.142948388685839
1.161181641349632
1.149569118808071
1.15572235871522
1.125830791138935
1.133107976424591
1.110840965930075
1.106755684471235
1.103617947453939
1.113750342868926
1.091998450391989
1.078601556812425
1.106332813965365
1.130536128361832
1.11747330117636
1.102942579578466
1.121789522234096
1.146802949722695
1.16912691050509
1.152550398676901
1.138931160148177
1.119836563929832
1.117876829024435
1.123049188798486
1.097664417294059
1.085679722923965
1.111035684075797
1.103138231739297
1.097793679411417
1.09516834998815
1.140604011454398
1.149110676477647
1.126526174106325
1.137573991057993
1.140830509818557
1.134592095261115
1.13965414967221
1.163513567316234
1.154654657218223
1.150611062983206
1.165703095087045
1.188869399115211
1.143092472244125
1.142169430768397
1.100522917659247
1.102556317724497
1.110823413988302
1.127377781872292
1.137213631835984
1.157724034541353
1.169491644130638
1.162910774601695
1.16851245240293
1.160594741867318
1.185223619007094
1.180845884626746
1.193205642302513
1.209876174446098
1.200218684516009
1.166713836447157
1.15372122544761
1.170403292750233
1.158509705447164
1.160225041862857
1.155413514463648
1.150505670093907
1.174327538803882
1.189427407580537
1.172361662178856
1.155667117128629
1.196729785562758
1.201856794294496
1.19926549542393
1.185495522569155
1.181628283852824
1.208935063021627
1.230237913972243
1.228945218935554
1.240349033835283
1.238777699000893
1.266005263477347
1.26037988360519
1.211586667319872
1.197902667253119
1.213545864275725
1.23992620158651
1.22527304039877
1.238119176698989
1.241643175251888
1.258235511092766
1.241371417350349
1.224794737270455
1.242562522408147
1.252173130929235
1.216300944885394
1.21830345846984
1.198027406170619
1.186409337852492
1.165446149449395
1.148303667177416
1.16121237921527
1.157044034846239
1.175177428958483
1.161255748892872
1.147308710465296
1.130373802524884
1.139723846168051
1.146448333317899
1.126923537129089
1.119430353793214
1.138242951145532
1.159631840354008
1.186652182779025
1.166165941078491
1.155211421546406
1.128747571278012
1.132694195975863
1.111099935316188
1.106231390460576
1.086301187115705
1.11388336114009
1.112651144545085
1.156449507982071
1.148365629772191
1.148681411651568
1.129537233000848
1.136263729733261
1.118478517669894
1.111338653245764
1.111346701334963
1.149768907420196
1.140309072458202
1.13636927223226
1.132331754953971
1.161342553166621
1.1678435576805
1.160498878673899
1.127171958671591
1.07407136391915
1.059774276898625
1.072683779075091
1.079946931210492
1.080688391812402
1.091683278527197
1.08249895030192
1.076054214488617
1.091368625943148
1.094525430413334
1.1233552000511
1.120121015279555
1.117177632466894
1.129442703914324
1.115757130656054
1.092561085029862
1.102001309706715
1.121433044835859
1.124417520393713
1.112150508586213
1.093086762036972
1.104139399642538
1.130949591036587
1.122751447222933
1.15283333458491
1.139655971673268
1.131769134408844
1.140105558412802
1.125655749964832
1.126996705663141
1.08519502785824
1.086285459814099
1.057503831054097
1.064298479786487
1.083055333085055
1.081918719566891
1.107041660151065
1.087271868415672
1.062747156702782
1.064465950439081
1.046576375925552
1.053968836179267
1.069705771831884
1.091861651317063
1.062786962582377
1.059011429974757
1.051479759826575
1.043967859914608
1.09181799842885
1.081170346846239
1.068172028750021
1.072469591568563
1.072044793291457
1.061228397597502
1.089189515077841
1.068162904011977
1.093479657204649
1.084016518951849
1.072778095401168
1.08857037689971
1.102805118385192
1.139217642146087
1.119924179435296
1.15760315094542
1.190397692352354
1.189964594883465
1.213578868273336
1.207163651545262
1.171664346526764
1.182199329836077
1.206079664963233
1.190955944927112
1.155916038776092
1.152332829796699
1.154408131601811
1.176124908495992
1.171688529167881
1.184335540166859
1.189719156338468
1.196726836669329
1.170981457485527
1.150666061105821
1.173092142913864
1.151075510573937
1.122289012615735
1.126843929642287
1.118242072806815
1.139790505291511
1.150225229485602
1.1668811950409
1.143823102606363
1.164975658191086
1.198934696996248
1.183057068663855
1.159345210833012
1.165810822946033
1.12776857938678
1.103442031716729
1.115445487331677
1.145672185312899
1.167848355764162
1.153973228184892
1.147558897082094
1.133126044916211
1.125668928797209
1.120344201218293
1.114260923738287
1.100288441159351
1.124261144491717
1.131449983758528
1.140508849335693
1.121947969520383
1.159125405866955
1.162530728436529
1.183592452880648
1.168861844718635
1.15592276493594
1.135289311681696
1.153786930101602
1.148459026957363
1.141758777640038
1.128356258536355
1.149897388743158
1.143392930285316
1.12416637272492
1.111779372509311
1.136451458031325
1.129901174554786
1.139167840692261
1.126822573028504
1.150475727774068
1.160197222799912
1.162399263941319
1.144568685233796
1.15202897181572
1.177418565148337
1.137550841109562
1.119406242865302
1.118753785452385
1.091796793240429
1.110359998986491
1.121924906513014
1.121267863102418
1.116603502970047
1.126759550747753
1.126604264996285
1.118807885690636
1.133761238289698
1.132622520427442
1.147203444522036
1.166343659283077
1.14878599439312
1.108425829863136
1.117849061661937
1.10353227928527
1.120749063637607
1.128675510978672
1.132138776683505
1.107448885598727
1.10199355239918
1.090077001108039
1.095693716811336
1.082012974754637
1.074337641250229
1.087005502444328
1.076595054830869
1.091308369878866
1.116811417367528
1.069499039858626
1.077195316338279
1.095668336330506
1.070556104336944
1.049453365862828
1.047719521119537
1.062551486417241
1.073301304099272
1.078548789319501
1.060054304947309
1.052943076326515
1.056894007962953
1.048805161554585
1.07178778869602
1.080635866511722
1.092800690308888
1.068582058839548
1.078540497524964
1.093412894867771
1.074596352630887
1.07124924670229
1.101013042593961
1.095937212975746
1.115428978113096
1.137745375603324
1.121703579191994
1.102417527853864
1.119645524521125
1.086136908823191
1.096114517461227
1.113654655184751
1.134631453634739
1.129896974846276
1.131982684918214
1.127489563785979
1.12205085065122
1.123095807910467
1.128899828946234
1.131540760342073
1.158148112474209
1.199490640968826
1.21952838368998
1.190186729562112
1.165190171800284
1.157023316384268
1.147018043145639
1.16218660151887
1.14513028549781
1.131559367968463
1.106365318536839
1.102610028529529
1.108503863707625
1.13144758439737
1.112016729526159
1.130853967553869
1.130069473888794
1.061223156872064
1.037906304036291
1.046203305445178
1.049893741353546
1.04927233017286
1.054492046459403
1.064819966687682
1.078062300611272
1.089355414044676
1.08232765302849
1.115981120497359
1.095337990769117
1.08913119754334
1.107296701236623
1.097049407494867
1.091797338834445
1.133567563839871
1.152335401224292
1.128460112489768
1.131855245233176
1.125884619553783
1.103874548046496
1.099290401987832
1.082048850066992
1.078921170404377
1.090246104788197
1.107119530817996
1.089284199076137
1.087075068694447
1.062516642988339
1.056161489931454
1.038066757113552
1.041626509365237
1.04290027100236
1.030120098856476
1.025617202156421
1.002851841961018
1.002804494851653
0.9712463196130395
0.987393210557867
1.029913249136704
1.023120427191291
1.040483683775351
1.055363738524323
1.052648760743019
1.024785845266457
1.004500434688271
1.014581176564523
1.015399844596922
1.005380289890791
1.008638926672646
1.019081054820354
0.9959669368396082
0.995741893057151
0.9952078078545434
0.9918633153110828
1.013013196917436
1.001105851337915
0.9952576090309353
0.9969179359061885
0.984211829922126
0.9679146299838359
0.9916173545808967
0.9955208493379616
1.04720158351192
1.087324541926267
1.083163407747983
1.076762636267598
1.094660293092786
1.069909553385384
1.104745035194624
1.087811577360992
1.058522587975819
1.070210820260421
1.034026438946191
1.040449165424843
1.019667600179458
0.9974195304497456
1.000329852117396
1.011133262396493
0.9898235953078955
0.9687579673451341
0.976479338959806
0.9675737767437964
0.9651125020787833
0.9515414426054237
0.981257602949686
0.994268423897419
1.014401987248448
1.014444665449894
1.046465093276454
1.030767901470977
1.02889716873701
1.026184611305509
1.01537110033946
1.01409221877386
1.03285459551404
1.023641742693039
0.9972570929021431
0.9968697560688603
1.002083276424626
0.9926898265909224
0.9869481554865444
0.9721551613589423
0.9641583954339737
0.9409853361225475
0.9604242883532987
0.961733765954864
0.9657278085491943
0.976020408567006
1.000683664618667
0.9758052801026385
1.00012169533322
0.9897866521536541
0.9989293544643912
1.015216072218862
1.024575313884587
1.006369399009577
1.011930998807188
1.011706329810079
1.007984630741843
1.020993673609706
0.9990160930989805
0.9874582720537743
0.9869910209026193
0.9823311380921644
0.996897814134091
0.9981917816280825
0.9620230803085613
0.9625519951546525
0.9666899435874152
0.9618728649639329
0.9480020282295037
0.9309440958595961
0.9190233791984894
0.9223655340741825
0.9232701417410792
0.923507089086726
0.9264883990798966
0.9065575551520528
0.9297131225168115
0.9320378772624207
0.9441858025984238
0.9567410723345703
0.9515036835585525
0.9287360523450896
0.9224711763747655
0.9439266872120068
0.9532520453234893
0.9816853625954637
0.9976551197273124
0.9805303020510588
0.961002247277245
0.9620540295943817
0.9934569527213668
0.999226527261573
1.015047341551355
1.001363902648951
0.9957337070241353
1.012912818964456
1.022142395028952
1.040392371066052
1.045179518212276
1.053110921083983
1.025105141046742
1.01610708049334
1.038402820792678
1.053313630596894
1.079465920032368
1.066445116464562
1.068297428416854
1.07071552150175
1.058470151238876
1.079719767599845
1.071747698253119
1.052940034359211
1.02291965321742
0.9988952017597406
1.012905397216614
1.030125251995892
1.07509754814949
1.068343021120042
1.038506561719384
1.041045999815881
1.020399391342888
1.030345831834474
1.015148328746653
1.023705843221119
1.0353387012197
1.064741072553787
1.033500281049482
1.029819632591659
1.052373391547846
1.04797896208932
1.03114596379881
1.044816717814854
1.044822155075179
1.030118702987911
1.045956431183352
1.036365694905425
1.036003940570375
1.018280254471074
1.00520738697745
1.032924156099626
1.049420606791455
1.039497179599889
1.071606645063727
1.060224839796387
1.066581278665174
1.061042713083554
1.057015914410139
1.054674253897909
1.047358427866508
1.042150816244473
1.016939083799157
1.026140228162373
1.060766294123733
1.066618379956016
1.052870190213899
1.079815007767281
1.065031376603774
1.049324478524831
1.037647091749325
1.031525268738706
1.04843820213362
1.024210507923657
1.016160886161141
1.02527783530822
1.029325771899253
1.025769908616694
1.054403349310987
1.048343332018426
1.060556862969022
1.062703372668374
1.037876205405587
1.033755271392278
0.9964805853737957
1.015547895628353
1.020623702836232
1.031797643895571
1.010650739186588
1.021434404305452
1.001655227669882
1.011929771159195
1.02579517818717
1.020874367134305
1.009900606851844
0.9816936126404811
0.9916712702219018
1.005392756167959
0.9871467195127478
0.9731945400738941
0.9758780424216079
0.9577997961324587
0.9479677896832711
0.9454260757708692
0.9530439361378668
0.9482435538572905
0.9618641485930757
0.970821136169141
0.9408027619621718
0.9328804786700804
0.9605360402241613
0.9501613572293589
0.9847538439404586
0.9928462003199263
0.9924943485940226
0.9846318600821327
0.9830321962375336
0.980843159413619
0.9891714089162126
0.9925497404929622
0.9936435557500028
1.021103860949462
1.028640063747435
1.035126234312106
1.001368593319313
0.9737538703679169
0.9791360013078594
0.9970196671020451
0.9942382333175113
0.9993080606271501
1.002372440906106
1.00476949077649
0.9755284717551765
0.9636870311064807
0.9776717627776753
0.9934983472412192
1.011776287437586
1.010897888060854
1.015826600766206
1.00978363137518
1.003897989305257
1.022289419910377
1.018365170828636
1.039634556950159
1.050360948308969
1.053105430080529
1.076009706112372
1.048151040636553
1.033555948383718
1.046985968099913
1.06932048239645
1.049548653909706
1.045055353564833
1.076377077430287
1.1108502670122
1.103939310025701
1.124171856738436
1.105661417796679
1.107489796604368
1.078240680565985
1.084113410375958
1.064364913047546
1.058142838325265
1.06227382700108
1.093738606122928
1.06783916360689
1.0573791623623
1.048301601855585
1.043507567122909
1.056151025296742
1.029768971425969
1.029686810884185
1.00994490443779
1.024299999989525
1.003265475702107
1.007643780432207
1.026573694404032
1.038975555299999
1.031326888156762
1.067750147769364
1.055759694039472
1.038090697204642
1.036073587485183
1.027194570076839
1.042782099155036
1.030070077901375
1.015422429943815
0.9958879643344118
0.99330307693566
0.988943515857115
1.006619231510754
1.002348901078784
0.987769828419783
0.9898148450838624
1.007026990090281
0.9956755412214131
0.9898405294546814
0.9917421101674685
0.9739738518821811
0.9915495531386127
1.011411737829636
1.025360033213978
1.010845874052875
1.017046810621949
1.028069326801834
1.054512501441207
1.035739318850609
1.018826380814797
1.034230012370245
1.058336818209742
1.058137407877666
1.081719643353541
1.099832750485986
1.086533892365456
1.080275119134172
1.067698562210917
1.062001977323662
1.08195388238359
1.085491167444254
1.099655231751357
1.069145821576251
1.068806789617841
1.073037560268365
1.084835972786065
1.117427222881082
1.115359466031301
1.133645062490003
1.161450553720228
1.131849525459468
1.11040764417239
1.093286373604607
1.103579521300206
1.133541076071058
1.133652263392358
1.133268777654894
1.150127392475318
1.137538726834009
1.140781179711412
1.129338186297252
1.1045109840141
1.098830364623403
1.125406053333718
1.106475485681248
1.098713655960401
1.13373200489193
1.131043141802254
1.148150409530886
1.125234905391966
1.091509439683798
1.102932243766209
1.122180929366225
1.115261733716338
1.13876054080461
1.109163663447749
1.10747152670352
1.093336063094482
1.126941749636407
1.140200244005556
1.132391914058144
1.106561685004916
1.107644757984404
1.094702848927385
1.063479886208069
1.046778606435288
1.002564119925419
0.9845036935623998
1.008151639941413
0.9887882030109023
0.9987821883062787
1.002077832817847
0.9735419782017524
0.968900089783572
0.9422894134565226
0.9523891231778333
0.933945218126302
0.9443960463941337
0.9481904446199775
0.9470261403776308
0.9575667992352638
0.9337582948983477
0.9614360491401015
0.9452259199761762
0.9629986739274975
0.9916346082617269
1.008045410432385
0.9816957791631415
0.9711796200502181
0.9497114731852508
0.9310045157986084
0.9501328506154345
0.9603787985824671
0.951194188508064
0.926897728884358
0.929606400672692
0.9228275366175556
0.9255836944963489
0.9010710137420453
0.9009911126475922
0.9149549188704961
0.9023811705093454
0.9085284277723635
0.9252707111019495
0.9349208424763731
0.9258478423374465
0.8944798405129238
0.8900596720529217
0.881297463350378
0.8772039106815781
0.8577664064415804
0.842384959561328
0.8714501189679865
0.8579385126674461
0.8788807156204647
0.8883515073042502
0.8770216491893618
0.8980827446518957
0.8983939047867919
0.9153832697234701
0.9057702592169844
0.8969957897592116
0.9240956798616333
0.9361504427300128
0.9250375259647448
0.9190492738432368
0.910064904081944
0.9026515899490212
0.9237713484634309
0.898971445263739
0.9076710640357728
0.927191702716752
0.9317063192308421
0.9614478022467982
0.9759381902550436
0.9524278924752188
0.9357880204998961
0.9080732219060024
0.8886691582841582
0.8906852377676089
0.9064164607707424
0.9024067695950274
0.8909845105961763
0.8961965088035017
0.8830689144582156
0.8784152819997577
0.8756980440701886
0.894156682849213
0.9062761863447519
0.8931315016211571
0.8984290707662195
0.8757745752726671
0.8850717994173033
0.881459249315204
0.8490499456828545
0.837764568950258
0.8559549070263411
0.8613071227009317
0.8552616107477253
0.8493013607904976
0.8415969773557483
0.8195823951745663
0.8655279208125233
0.8782339972476813
0.8550395391231276
0.8264146354223481
0.8281565437958827
0.8315355520479416
0.8532476146422279
0.8604024433187848
0.8623546231395398
0.8547341762078191
0.8482804346418729
0.8559306498778346
0.8650176667531184
0.8596764297095265
0.852238782506868
0.8553326647157479
0.9108039815053337
0.9386848413107012
0.9368448117050864
0.9162471336005841
0.9030021918001607
0.9167153811978785
0.9064480651925796
0.890067714394144
0.8700948603661369
0.8481346173140382
0.8631488594940849
0.8846983888519214
0.9084454459875007
0.8987249107620781
0.8921847034885134
0.8969017913479065
0.8908166247474698
0.8668696538847225
0.8582500628648634
0.8522219805206572
0.865808942633578
0.8591467395924016
0.8887463596315262
0.867400089921945
0.8716800847419917
0.8800433312198778
0.8889246713348047
0.8921915197907032
0.8980361458711811
0.8994355714969978
0.8897434311032675
0.9071703430109038
0.8838056794863369
0.8914676668356317
0.8876944650567756
0.8647487430410357
0.8622454567068703
0.8711960327688781
0.889554611540999
0.8893677261946891
0.8475973756933468
0.8394453386376814
0.8541700267812705
0.851198509567709
0.871600342617908
0.8903706888993138
0.8765037806051662
0.8651789714087624
0.9083403652873504
0.900407876614495
0.9065851571971176
0.9091240183205233
0.9311539965234461
0.931370874224662
0.9620186349638731
0.9575541767773506
0.9350948031903729
0.9156271708729636
0.9221203339081039
0.8915809828864656
0.9126841714739184
0.8992430862442864
0.9137746383909445
0.9342890233718135
0.8871358225342599
0.8968345110345503
0.8921162634956548
0.8920713769068898
0.9364076474176002
0.9386748631847305
0.923163603720652
0.9122196504094198
0.9175457543937049
0.9265588153859022
0.9113961759095518
0.9024873955502937
0.9528644545607119
0.9517680619708502
0.9343396552225977
0.9079473684493218
0.9250267025873664
0.9122649307720768
0.9337086755714039
0.9212582646655574
0.9293057812611917
0.9390622979988232
0.9371665323465845
0.9552124781789255
0.9556202236979211
0.9592692253260938
0.970634195241591
0.9680830078580021
0.9810279035651109
0.9790549468519385
0.9984196422785563
0.9735187470826474
0.9439660079103499
0.9219429505024506
0.9452462639999429
0.9432207504368345
0.9137277929401658
0.9029563300221511
0.9038827324478513
0.9294317134050627
0.9455862650250737
0.9323928369032209
0.9444288019862669
0.9641898853928559
0.9519212776551822
0.9657899192829347
0.9779177526467687
0.9932974482110695
1.00746315490262
0.9922550644289045
1.02201750818721
1.001986202686533
0.9905978029100456
0.9778738947654447
0.9633238040755308
0.9716014705037721
0.9937548963570777
0.9828494212823821
0.9812281719728753
0.9696856895547399
0.9855465751751803
0.9754154584291278
1.008685592875124
0.9919319019405956
0.9680435169216226
0.9847481431985928
0.9989685733132557
1.01081734515612
0.9688190526747742
0.9762372752641792
0.9892202894772507
0.9704141043734054
0.9363416681122424
0.9532100145442582
0.9682129507017355
0.940431003893176
0.9442563779646554
0.9730571082254408
0.9841323631339861
0.9905386709373432
0.9650291409355231
0.9492993141767551
0.9358914221494116
0.9463627296532842
0.9478922636542733
0.9386184027881215
0.9494649889290284
0.9557199269032138
0.9408939018732219
0.9622643586521077
0.9348039258247383
0.9356670418022976
0.9672556221679012
0.9744228920101653
0.9973543562097654
0.9926774567734929
0.9947808237785835
0.9997581019887252
0.9820457300155585
0.9982667767359065
0.9863501490308796
0.9595754321959856
0.9502792579291447
0.9423102481677892
0.9462987878369074
0.9556040847578621
0.9811702278233596
0.9734423971869003
0.9761802018163048
0.9539452795135974
0.9366476261547189
0.9368710664343979
0.9637916943231271
0.9817556556479221
0.9804558081684893
0.9423181671302638
0.9437799815627789
0.9425238885512425
0.9278835658115785
0.9416500282024273
0.9760213748850122
1.000434560473267
0.9757214002601966
0.9666197631279375
0.9565819765572
0.9699584482050839
0.9809731942449337
0.9737825203794706
0.9824170752057031
1.000719541637794
0.9837398240631622
0.9636714134049514
0.979965236847279
0.97849716118307
1.00656114811936
0.9898001069196875
0.979895602185308
0.976626887812773
0.9811852364030221
1.011276307296936
1.033106920223339
1.020401536554826
1.048314682767716
1.030936410585326
0.9893563795669195
0.9636050494335113
0.9746796340333528
0.9789626942273814
0.9528018440564603
0.9359682078113685
0.955336576121796
0.9478980800230593
0.9379048983932576
0.9562476933746715
0.9839496984275125
1.000921207928473
1.005276504242722
0.9907461158679617
1.008334321066815
1.026284279362122
1.026738504340789
1.033906674931416
1.038907143235729
1.027498270659182
1.023876716798765
1.042026429526936
1.028148706711828
1.025162774614186
1.062113287609404
1.056044059949985
1.046180208056105
1.035404227467708
1.062780350292643
1.061667825925332
1.080586175347344
1.060303239564623
1.057984610390871
1.07336174314027
1.061518323088579
1.02982569844427
1.017523751774319
1.011081640952914
1.013959982821149
1.020736172317607
0.9985341976225924
0.9986133443461376
1.02857829024176
1.004911584361731
1.003478194511438
0.9926856124112878
0.9771156831952369
0.9903358806801115
1.007287680449256
1.029923584619364
1.040109633809848
1.054201568908989
1.043428349447702
1.023990947888912
1.000413043794727
1.007393769592437
1.055756800996055
1.083379025240586
1.078714987628252
1.055979869856935
1.06392294205064
1.047953828265935
1.038501272268962
1.020609993012576
1.031612032170311
1.05111161259498
1.059102101773228
1.044614806780532
1.062067646262904
1.053215073763289
1.040151264168258
1.030796971463928
1.053776341230481
1.084774593256658
1.047038373111217
1.063326038361594
1.094203554161489
1.080170491180807
1.071174466434946
1.057047008516559
1.033563292912269
1.014863806978308
1.009034851857795
1.035897808561962
1.032067979830152
1.051063313799354
1.067104584604668
1.088456719290345
1.06875948945394
1.102051569589874
1.100958423965172
1.112878483692531
1.104260367074892
1.125559538313938
1.13502626758107
1.106126276082922
1.099985884579444
1.105468928886746
1.091118012207924
1.056853283382167
1.087253130119315
1.074746146169231
1.07676876807473
1.084164941312559
1.05762119998031
1.054360836218964
1.049321204996678
1.062193003132919
1.024123385080277
1.035418334260251
1.03648849622088
1.006977709603198
0.9975759231531138
0.9969229301511877
0.97118611538031
0.982094606342728
1.007950634896969
0.98305278807274
0.9807377635738521
0.9819812118678527
1.013355440874653
1.03146188282787
1.018586484266248
0.9992145611283303
1.014168304312294
0.9992579359494641
0.9819350722871514
0.9859802245780159
0.980920921665096
1.002667428574749
1.007678877701874
1.018308996484817
0.9894794642020539
0.9909527960331688
0.9821880410327167
0.9645545922297092
0.9901586671458437
1.021751821654603
1.025810073240636
1.007701271620641
1.049766951462514
1.041863354635574
1.025078238240849
1.037913265286292
1.03472208559832
1.040403250680885
1.017357294234734
1.000412370239849
1.010718154039564
0.9805721542491772
0.9598645663524908
0.9689888442786181
0.9605844133307051
0.9409356293843005
0.9296719915955584
0.9178075223204664
0.9485390690645058
0.9535260328615537
0.9546150093489041
0.9631056528897267
1.019524414134626
1.00477044015376
0.9915683847127934
0.9878024552462079
0.9745951836731773
0.9785328150555651
0.9521106012213462
0.9561845890781243
0.9839959455403867
0.9936513186311253
0.959050721485141
0.9658739731352778
0.966958037283957
0.9465832250750978
0.944282362503914
0.9705871000248615
1.015568237180624
1.00155337388886
0.9813588025489839
0.9897176227371232
0.9667347857149292
0.9811259065682757
0.9828920765129241
0.9961047504139902
0.9958391123496351
1.016184806330066
1.025394013015908
1.044332196163346
1.004361381736727
0.980434837180893
0.9543555920454894
0.9502591028207281
0.9030715895742205
0.8809023836931188
0.8868200235761551
0.8783467872702538
0.8819809607138882
0.864357345691996
0.8751798952057759
0.8911614959025316
0.8945740706297485
0.8854900235936255
0.8969379604794149
0.9121725532707167
0.8819203426975075
0.8930171756835065
0.8904974314836664
0.877682367854063
0.899681973981582
0.8820358406472801
0.8755287553464977
0.9019296135607779
0.9305739866669007
0.9460625322255304
0.9209542789036215
0.9292543543023221
0.9035468426183974
0.9133478464859532
0.9176145798418733
0.9146903426124547
0.9034515341669315
0.9179054447379875
0.8993094332908934
0.9139194493110271
0.9269254049029415
0.9082787123596812
0.9439457520963179
0.9424806632010787
0.964927032104031
0.9549532538614288
0.9444334527257688
0.9512426306069478
0.9207703467992417
0.9094699140215204
0.9180641432777401
0.9264895283280077
0.9455885984495235
0.9427135000103025
0.9160235901658473
0.9251755121440899
0.9429177508411897
0.9569091170635406
0.9443926313148189
0.9345084709679093
0.9386592577707006
0.9286198574744737
0.971942572721854
0.9675254590886718
0.9387520984056331
0.9537326732327631
0.9721219523144775
0.9458135974856041
0.9040646019936479
0.9038457060440341
0.9047885721816522
0.9203327804566119
0.8968789207696614
0.8697183635783863
0.8728229655448322
0.8992447543548443
0.9080566461917594
0.9158947229285049
0.9105978502603672
0.9321757662235033
0.9483634777247113
0.9321624169378704
0.8939145664733719
0.8987790634922274
0.8675397153876798
0.8645859257943785
0.8868571113473113
0.8906721511559694
0.8622898561168223
0.8378804639571314
0.8568840145288382
0.8361127402525658
0.8402719431918418
0.8464168849693594
0.8460571878978059
0.8609746334905534
0.8402647102847078
0.8295109953324671
0.8261221586228746
0.8279681058375109
0.8250289625884506
0.8378798971540109
0.825290102121755
0.8131818206935064
0.8790427933421712
0.8855219007668006
0.879459060781577
0.8646957617499201
0.8558846024193848
0.8671678211084626
0.8711025681689866
0.8773070255236799
0.8605947166909379
0.8801644702445753
0.8777695760436195
0.8805501839704307
0.9122979394481686
0.9139404365446876
0.8883179654007495
0.8930734769143942
0.9046591766676715
0.9098809394099046
0.885386284568034
0.876607103793779
0.8725887705658868
0.8828687041352007
0.8838637725892557
0.8987945624576006
0.9058899259550154
0.9297998626039272
0.9525171368782306
0.9489482320310434
0.9153298522864741
0.9366890910851711
0.952401235291954
0.9771357206568638
1.017920964136734
1.004971875464276
1.011355484463228
0.9993041737167463
1.040499262036843
1.033300700757864
1.021854072102835
0.9960174607331219
0.9761084097420534
0.9651383074280262
0.9791468523565279
0.9995160612739566
1.022268880410756
1.007782367715944
1.007699486415528
0.9822291948106642
0.9638916923426054
0.9481634446577977
0.9681347073801002
0.9820626135550413
0.9714378961813371
0.965241665402453
0.9934122922703107
0.9962118968956751
0.9801252515949872
0.9662683857737396
0.9938638694842064
0.9878095372293031
1.008842029867071
1.025533518244245
1.047845493226444
1.031606390395803
1.007584257218826
0.9852438834794057
0.9517360510066293
0.9566315429212832
0.9618480449492919
0.9749558079191467
0.9593834546587675
0.9330676296000481
0.9219444247510832
0.9018912034709951
0.9213866426553081
0.89946446366053
0.8998999529122319
0.9198590648698464
0.9311056578739426
0.9717417821707969
0.9666910672500175
0.9736998534926986
0.9628380831547164
0.9694067272353081
0.9306215302378286
0.945684370164249
0.9641154123560696
0.9571708119876121
0.9890491632514411
1.014999458969612
0.9985846054831067
0.9784002415446017
0.9688053025568382
0.9701877136736069
0.9781745048740381
0.9780530710593811
0.957571652843607
0.9495811050392333
0.9378606607177226
0.9375194909112206
0.9468714470566914
0.9469041899225168
0.9581741200544023
0.9843910818771467
0.993792034991738
0.9677505748301711
0.9574902043362411
0.9590655659624026
0.9450383069651348
0.9403538544116706
0.9214478297832929
0.923295158143844
0.9247389829598822
0.9199883766332051
0.9090662965102961
0.9074164039093636
0.9077490440748163
0.9116777697897116
0.9045503068503674
0.9299364524596145
0.9521472548471066
0.9453165548539857
0.9665344534278251
0.9831755815719085
0.9555809404952941
0.9584766048420466
0.9523302237298543
0.984226658425334
1.0439359537063
1.033539033095581
1.025815406791456
1.05337744453966
1.086822196323738
1.069096827101594
1.069742040558952
1.064850706166109
1.05761942893732
1.029430290811929
1.026874762406253
1.014195171714116
1.035860281691432
1.025883133013319
1.011039276914866
1.027017659354363
1.011091415971874
0.9873223172521176
0.9760906586617935
0.9894790666769824
1.000336659069573
1.027107722302354
1.008773503818235
1.018774080532617
0.9986075419014138
0.9807054941377961
0.9639156577160435
0.9802955419806121
1.004872110716362
1.024320703258766
1.008490238455766
1.015716308728909
1.024645985611454
1.042039799445663
1.002228984388087
1.017229844393612
1.054351094585409
1.052179309650968
1.064007346571511
1.071685499155373
1.063241714898597
1.080374215271089
1.048623037909358
1.01971918523744
1.042645437968017
1.046113040284345
1.058479723123577
1.081914060935539
1.036707872753884
1.023745236716608
1.008086385648659
1.015888170523273
1.019281853322058
1.005841703489758
0.9771934175704758
0.9771775044150142
1.009802835743145
1.001282959072296
1.019303360776774
1.014395546490463
1.005520907031883
1.00778133973677
0.9807366855245798
0.9973989230678576
1.000277734706242
1.001331431597552
0.9861694116811468
0.9913654979624784
0.9840469037515829
0.9749788917768766
0.9970904294808667
1.002758696740143
1.002029532079234
0.9866295908464763
0.9998963652763525
1.028836402534364
1.045210944134928
1.027963808079668
1.031696818703948
1.004763755299304
0.9584989435146067
0.9559141637346296
0.9703878668314326
0.9977269409241978
0.9883058641430703
0.9724408053501123
0.9951012820873342
1.020531539502622
1.00637667083654
1.010623842200431
1.013398881303741
0.9914682418124302
0.9766043280459304
0.9783572149902151
0.9789773180405433
0.9618040732680352
0.9568434040806224
0.9618548082023439
0.9611335508648732
0.9631096758012916
0.9528172905332147
0.9561626928759854
0.9615485082057921
0.9432458552064089
0.944228686738169
0.9613553561718171
0.9360220044773063
0.9401848192520793
0.9361772552070068
0.9519981049428101
0.9619630789086374
0.9619712296823368
0.9208268679084077
0.9260847940924356
0.9332370681656369
0.9355712959947253
0.9403469034887205
0.9594601266626713
0.9315184561896936
0.930185106810026
0.9052554701680304
0.8949319310473467
0.8991346615276529
0.9015640413523839
0.9297139937550752
0.9252623185467972
0.9552876420994791
0.9500706878492958
0.9624248332384571
0.9448874070439905
0.9264219677285715
0.9479571750886628
0.935115891323914
0.9311559548116461
0.9507431176431991
0.9596952696651733
0.9581543945228957
0.9407193647446515
0.9479704759287952
0.9687921945159759
0.9473885741046216
0.9622151332135175
0.9638336259566858
0.947569044880376
0.930858593956318
0.9455722510621369
0.9591665213188968
0.9586374790235298
0.9755232502467271
0.9820697193231357
0.9499035318891417
0.9467488405650232
0.940481155107602
0.9593333387628643
0.9614964012114899
0.9724319042497772
0.9812874548782586
0.9761896211861819
0.9930407313512899
1.008798582293982
1.01572167053415
1.029302645169233
1.016006298763822
0.9956618903996156
0.9803280688376473
0.9680274737668686
0.9733549121366861
0.9841395135875467
0.9390976231160794
0.9585446352873296
0.9583595694500052
0.9708939841358198
0.955984778169269
0.9811374611027281
1.011760613360722
1.012075088402633
1.009969148779972
1.016930610996213
1.021420344184631
1.038458997272592
1.00920301867298
0.9917224765348355
0.9828124343170357
0.9771021647303314
0.9654628578790734
0.965315235835093
0.9614373523811506
0.9921198634558066
0.9871373807270215
1.00030771588638
1.016679332007931
1.03974354451013
1.084847152641501
1.091295705434083
1.101593666043303
1.122675650698237
1.094587980846569
1.083310808697108
1.065986965020978
1.0678770395886
1.061255533753232
1.046120466789627
1.03937267744813
1.040446343238631
1.070007763715158
1.049380006729598
1.030017126887607
1.006727536277486
1.020134888226106
0.9920541898490104
0.9719068657224856
0.9630356490856956
0.9613517340415344
0.9695009257143583
0.9837585433946981
0.9894667924644549
1.015807529837434
1.029203987957631
1.020215463793986
1.029030690178122
1.044789253647483
1.048715497859198
1.061215931670713
1.050322288103424
0.9789921209848794
0.9425141277326459
0.9388171886740992
0.9277204676293758
0.9669587275554833
0.9633918662410531
0.96641018531918
0.9555103986637752
0.9497476046886379
0.9535886462827673
0.9636394552613223
0.9784222843059098
0.9730265161676075
0.9674553448075507
0.9594353591904219
0.9772775920624428
0.9612977605386616
0.9733558921082947
0.9630379372408566
0.9487753082106047
0.9759798731642145
1.004335105808126
0.9927492535202116
0.9671088181389422
0.9569866262909166
0.9626944311253771
0.9807196114452206
0.9757258763927931
0.963275722517654
0.9598977386685588
0.9405487095937333
0.9640777359705482
0.9981799629297526
0.9971002291673097
1.021499184974908
1.02896026524856
1.000356460613459
0.9996145562321206
1.003340498022997
1.01720197270163
1.009946652620648
0.9928331809732132
0.9891809754176816
0.9566707320432308
0.9555813251567764
0.9783393783850236
0.9615763986010211
0.952803925015982
0.9420072478085412
0.9475696679210162
0.9622658850500738
0.9817398105640841
1.009228888211361
0.9843418633154791
0.973860746238211
0.9652877622675784
0.9630608961652602
0.9759260178982969
0.9572963941882516
0.9323017252899952
0.9198763113892513
0.918276979317002
0.8927528039423709
0.902570432412204
0.9154863853525611
0.8988797510839868
0.9045177889599791
0.9309160345485916
0.9008039338612382
0.8836336578679549
0.8948165634873766
0.9090875715144273
0.8811617395448968
0.8812393864115519
0.8953391023923509
0.8962943662141317
0.8482635230329828
0.85425037331969
0.8767253596096007
0.8696914962324568
0.9142870474915131
0.9259500057031269
0.9336793868867591
0.9144958208121877
0.9509812462064627
0.9527438793566185
0.9881324908042516
0.9679378430492827
0.9712365772988383
0.9677052589548072
0.9507124488517343
0.92426870805824
0.9266887705621473
0.9328756966036162
0.9424570132891142
0.9343654567804515
0.9254904809960769
0.9125901270210789
0.9068858884465699
0.9119100360464696
0.9233805877781547
0.9480946680563923
0.9318970951211449
0.9552706065155208
0.9319919287316034
0.9368265041352916
0.9407921483944703
0.9413454680365613
0.9382659512269943
0.9315411387552143
0.9249082650135413
0.9182766977145761
0.9359780837409807
0.9432060823090701
0.9187482377836631
0.9186858873233154
0.9030992411304642
0.9298474747004652
0.9179227185125742
0.9174678242970744
0.913452379325864
0.9099116932714484
0.8985512172476076
0.8895105688785762
0.927039254462098
0.9269425986370724
0.9298869219442376
0.9286032742583396
0.9640079310535647
0.9675190122610744
1.002707789888804
1.002408892585761
0.9689208339512875
0.9953941724144268
0.9771831350775708
0.9616695964597595
1.003308843163786
0.9909189069997312
0.9777205637471457
0.9698402444342292
1.010357971435635
1.022956654473906
1.008398101256925
1.019986705453056
0.9943843958706483
0.9780608316700695
1.000947268377453
0.9810805640020833
0.9537429844751374
0.9522490664534733
0.967771985666761
0.9407332012577347
0.9190629307878176
0.9155043868897395
0.9081080289798428
0.9032440379144069
0.9197238483460881
0.9152734679493233
0.9361098680512453
0.9268848830362865
0.9191972824274841
0.9065901365627431
0.9272193663398867
0.9123684007707711
0.9415284763690703
0.933307397523562
0.9231338633156336
0.9178836376041177
0.8887878999472337
0.8711083615879607
0.8764677545146342
0.8769901927770305
0.9062504343196195
0.898193988950041
0.9081988500843288
0.92655680067403
0.938859414374096
0.9286433459453899
0.9146486820264911
0.9189471135373556
0.9496437216589135
0.9556004519588808
0.9337363494730672
0.9437761723605789
0.9267740959503596
0.9244798927564748
0.9330889814689926
0.9101213650012215
0.8944999266708765
0.8756730613335737
0.8886669719171805
0.8712777774190629
0.880216005485686
0.8951406919743384
0.8667698290063578
0.8675454284839064
0.856704811605178
0.870262536612308
0.8782454610942666
0.8950778379546663
0.8978701657349892
0.8755619274143853
0.8605811922147718
0.8726537782342978
0.8576171960766761
0.8363391405779086
0.8278825835444334
0.8144987660063429
0.81610862148116
0.8183518671060941
0.7970865648022348
0.7888123592333537
0.8200084605942374
0.795420503818755
0.7821933316377621
0.7916318145208248
0.7708318128077645
0.7878829833814915
0.7964858264634475
0.8209470836854904
0.8340814824072366
0.8236309349269542
0.8253841936237546
0.814886627499305
0.8419128187235736
0.8386990292825645
0.8283089402008629
0.8394588496325728
0.8513249110362
0.8591512973399419
0.8820835319908867
0.8868141458280887
0.8981016560178441
0.9100734504099699
0.8879597393577362
0.8965638434365105
0.8782855244223358
0.8864577069087626
0.8872558726177014
0.8665484402216554
0.8905326917933738
0.9056280307389714
0.8954265702536246
0.8977735590217517
0.8727077813642896
0.8565917424356829
0.829985334670039
0.8099182881387317
0.8021468914877551
0.8060254000357993
0.8337841246177122
0.8024337675434855
0.8103607709399936
0.8171700385759931
0.8125004737101713
0.8185732687450904
0.7800463245079695
0.75681085664689
0.7778387007116074
0.8012964747248261
0.8064835910340318
0.7905817859606904
0.7860428171891486
0.7653951451042331
0.7489381883570774
0.7524451596642484
0.7351495273514984
0.7259081234519086
0.72604053262428
0.7102130960976689
0.7072771119258872
0.711470087405971
0.7175949693603936
0.7187307537107369
0.7021440317300591
0.7106811886848712
0.7211814474823839
0.71739086278764
0.6992016391535336
0.7026362532734463
0.7370624658580155
0.731223511309445
0.7338836526827592
0.7213113600256573
0.7316018918567975
0.729378332625966
0.7487292918564117
0.7459572984725404
0.758651677925877
0.7555753630728209
0.7427700996356558
0.7529316404449946
0.7385506946940793
0.7240040890297219
0.7616923238828083
0.7607249413993707
0.7509647900176488
0.7717409604035285
0.7790317181820872
0.7845868589329668
0.8339550747193757
0.8342149493492315
0.8237240311496696
0.8269992263289511
0.8328590694741635
0.8244345500848347
0.8312735693622416
0.8377390966982378
0.8772314202838858
0.8932956701899827
0.8949255348718832
0.8879234517128941
0.9078463912581782
0.9177636521792198
0.8908256015074024
0.8960060073393208
0.898403292703859
0.8867555432606545
0.903126992036013
0.9044585184170196
0.919289790726517
0.9208558486453303
0.9493935011809352
0.9523440503079124
0.9530108920019313
0.9443312824931973
0.954846182095998
0.9760631993470903
0.9291707706887801
0.9282798370501631
0.9079549967504144
0.9088029059413236
0.9091638367941171
0.886801423363981
0.9011813914419338
0.9222953279526619
0.968897361667953
0.9639465239618734
0.9564168959657199
0.9651518959238671
0.9460209544896412
0.9416899941113986
0.9164711807489622
0.8985603467756809
0.8990207634035445
0.9241237777676587
0.9334036092022308
0.922181223588377
0.9160613984270513
0.8989178967161016
0.8855336477922072
0.8990685769986763
0.895407706017707
0.8627856260969974
0.8504434867325975
0.8701684859571746
0.879042734328937
0.891566812242709
0.8601985862092414
0.8801094788954292
0.9082238010869594
0.9058936104533264
0.8991849189376183
0.8944965761370075
0.8614703555405058
0.8741629371672375
0.892082946845422
0.884516179612852
0.8754658040379039
0.8612953832254997
0.8775334480878347
0.854570064843831
0.8315564718440466
0.8256712320183478
0.8337163457816718
0.8434352087191987
0.8541365909571353
0.8563147908648564
0.8522483661503865
0.8660521077409775
0.8564503585406231
0.8586109219547837
0.8409217374832529
0.8451629728288055
0.8654884469020023
0.8851402949306627
0.8912148579339536
0.8754644105402587
0.8468617104950128
0.8455110104986308
0.8582912304337841
0.8774985157474514
0.8614276054303017
0.87016222867378
0.849779006767853
0.8451329076893295
0.8948845883500649
0.8828216899381756
0.8724996416524243
0.8789332185336858
0.8583467057859253
0.8718209376538941
0.854100685354715
0.8296556636429184
0.8330840397199053
0.8229607076884018
0.8354569063696217
0.8418561370472412
0.8566991004490576
0.8421375112200855
0.819270603170855
0.8229261954376591
0.8590926059464146
0.8427965100448336
0.8428796632674015
0.8611761992213613
0.855237432837525
0.8397607084521058
0.8296193460336989
0.8386389967926111
0.8134474083897112
0.8218377156169374
0.7926751230506058
0.7923922727903128
0.7816131994667785
0.7675757815865296
0.7854517061487679
0.7989297014853797
0.7729876609764421
0.7810486104464194
0.7793271738661224
0.794072183832087
0.8298664905547684
0.8462545446046077
0.8426041927585917
0.8189118569603263
0.8194392415544582
0.7981033417605592
0.8164217446685456
0.8263315937818314
0.8180084260782244
0.7963767434819771
0.8122240145152019
0.8291909021282686
0.8080524593706748
0.8090771603770871
0.7803550873835418
0.7782192993042227
0.8227154625896288
0.8257165423474082
0.8100227791834538
0.806252503392858
0.7833100605330142
0.8081348014248703
0.8207833847284275
0.8259181821402308
0.8330521378750106
0.8183644865854016
0.822534676920622
0.8247036716951917
0.8490005060899982
0.8331192926401585
0.831161699009782
0.8371427303080357
0.8464818093800568
0.8349753522869742
0.853731840970496
0.8592927118525797
0.8268786253876026
0.8208246975462336
0.8145073708664715
0.8290738017766126
0.7905543688663141
0.8080035660784386
0.8092789754595711
0.7989156310251806
0.8029607690599508
0.8213989985266474
0.8203109587105307
0.8400728776943809
0.8213323806287636
0.8014260779225479
0.815377645447533
0.7921959526363953
0.7709410857864127
0.7741310387668592
0.7756821870481994
0.7717358056026038
0.7719361773144637
0.7536833844004183
0.7572519850654909
0.7754018184444382
0.7631714247734536
0.7560268716178721
0.742483228841329
0.760233239831196
0.7510629350094142
0.771232318208219
0.7705503060296102
0.7819346084629651
0.7639001791712965
0.7542169041669824
0.7422499472189266
0.7434372789469306
0.744312469018756
0.7490869317834723
0.703798300269368
0.7041584334769084
0.6976879687495161
0.7118006832178349
0.7301186608690222
0.7234107879962882
0.7564325381678401
0.7509231512389136
0.7440055565376396
0.7380033730440629
0.7426117983971431
0.746122784434699
0.7644438251293926
0.7395067624857721
0.718024421958791
0.70078464476897
0.703632068751072
0.6852757152258251
0.697181068055629
0.7117313867917633
0.7032931932971819
0.7104639871972496
0.7304456249220563
0.7486109012637918
0.7660891519359361
0.7456671451057324
0.7429628572607958
0.7572134620000359
0.7329033280072379
0.7226787526574349
0.726222342348392
0.7183897540238322
0.7099562663709658
0.7222488982690873
0.7367998205507573
0.7193207805643596
0.7399206962538822
0.7539336680113258
0.7437835836277078
0.7496697503554584
0.7518799321970532
0.7596000282880995
0.7604800814869402
0.7793103745211776
0.7916979026071901
0.7902776752447781
0.7720288508241719
0.7533524176338382
0.7510991741757521
0.7273626365153223
0.7299163023939543
0.7454514206657491
0.745262615241435
0.7552754663002167
0.7431579853867598
0.7297094644589774
0.751912272312424
0.7565553343169763
0.7397570532324849
0.7474893426294151
0.7650580969949083
0.7466841065362622
0.7306114504512093
0.7317491209091449
0.7197341465629008
0.709267522726035
0.7238875268231628
0.7337042880598793
0.7476029368858721
0.7878521210008194
0.7969511484338285
0.8119844949347197
0.8052904362915989
0.8247318267148673
0.8241057579803854
0.810984679019864
0.7923699530126349
0.7942931124072869
0.7771473710973023
0.7697611017004854
0.7913045994251475
0.7852893304066946
0.7819445435069348
0.7920166562027816
0.8072135339062736
0.7981876136272812
0.8228546681064269
0.8542878235089986
0.831568800132648
0.8371978421709492
0.8742816117667703
0.8642139126376671
0.8538222082518182
0.8751767008795791
0.8467972875623753
0.8538292909144356
0.8532868020588603
0.8445733872878509
0.8504422104369392
0.8645362481554861
0.8367721403887107
0.8209695361383316
0.8236028594693594
0.8392098990813867
0.8662491558091381
0.8707289618055003
0.8922613118429625
0.8948015376181995
0.8907495233788577
0.8905314330757744
0.9321080994123143
0.9281269855822095
0.9287348352182013
0.9220623756399406
0.9246306954796721
0.909213882666879
0.8935477287951055
0.8820233617010076
0.8773021315583088
0.9061882670326358
0.8868877574093192
0.8948705219192122
0.8772046863960943
0.8617647343081005
0.8469688367762213
0.8353072851406895
0.8788748276386635
0.9137708747657676
0.8948504374025584
0.8723133200756406
0.8734728285029304
0.886585722977801
0.8842368755114843
0.8737006245418124
0.8778921188487996
0.8951186849884994
0.8822523046427112
0.870682322116056
0.8532403908115438
0.8372788430978196
0.8504363047835883
0.8614451593478611
0.8539043195233109
0.8583481467795945
0.8754677125831145
0.8476539248164403
0.8239807700576661
0.8373680063268915
0.8533338918462485
0.8489466634576625
0.8585241647812362
0.8707552599886234
0.8838915306231776
0.8825109646721528
0.8799700166242121
0.8916984975042449
0.8948451115410414
0.9054612052470105
0.8753472216980795
0.868626482528792
0.8541822067943092
0.8513838230385261
0.8460627026790575
0.8365442998164794
0.8360281782805443
0.8334356342400945
0.8633435090325614
0.857690980918448
0.8662562572469463
0.8425574619649248
0.81954891625894
0.8324908964171192
0.8214964999440102
0.8048125173274054
0.8033972515784709
0.8049262972583524
0.7900297784251554
0.778897544223121
0.8159463642399484
0.8299113467868244
0.8226308119239579
0.8309278536040201
0.8067844814027533
0.7975800154995725
0.8244720205688268
0.8197490314608601
0.8414376776440338
0.8216940790195502
0.8137535158810419
0.8319534141863771
0.8178853038965236
0.8304630295568561
0.8455602061452374
0.8181420070647389
0.8074856189944398
0.8208924785033167
0.8369376607843724
0.8371590758566491
0.8684940935494179
0.8608706677777107
0.8749624694255165
0.8792558335848814
0.8469529212266301
0.8489529974308594
0.8660324150975761
0.8674094141652986
0.8895049632302764
0.8928109979632977
0.9128438819743163
0.9043045078852259
0.872718380256041
0.8819534557629032
0.8749392947658482
0.9141097519121135
0.8980108926335086
0.9140364664090044
0.9360108112819786
0.9168517078568559
0.917483718945114
0.9390732952173046
0.957718175017911
0.9523504876158342
0.9805164418013332
0.9631935627645364
0.9498656481337215
0.9689696200906633
0.9616951658083145
0.9612928935727771
0.9273801549628864
0.9309671421052085
0.9288826127010458
0.9243586060946609
0.9279161155706791
0.9292543980993293
0.9336694143615337
0.9257365914465004
0.9459612667635567
0.9520184826149801
0.8970865763019907
0.895723118973008
0.8883749564197767
0.9062179143218575
0.9130561224100701
0.9022327973293177
0.9231589663735129
0.9463859992727744
0.9705713764404057
0.9933436849481971
0.9664643004242552
0.976942826138
0.9889693778919244
0.9859005639232054
1.00825154903127
1.026589761557289
1.019858457577689
0.995070135621908
0.9983548922200486
0.9771133054855877
0.9742115793575093
0.959046071239968
0.9684044090470403
0.9605070966084686
0.9672266527087235
0.993622215412938
0.9795226315671886
0.9727834959886973
1.004292107082928
0.9918949618252998
1.021698200885625
1.011784241406266
1.022310570663133
1.012029778043626
1.019294347383995
1.02198424036027
1.005177326377374
1.0080264159989
1.000607276937254
0.9779109562035384
0.9850452457481972
0.9795158358923319
1.00443694242291
1.027050590201754
1.005419335556226
1.000653541445361
0.9642576998635098
0.9791706391951533
1.013423487610536
0.997162534558294
0.9892110875498864
0.9721422958490978
1.015214173710482
0.999311705054833
0.997723204789556
0.9708472856976738
0.9242926044759208
0.9142216437991664
0.9272825081183922
0.9289460219730273
0.9368232988198585
0.9381874055669299
0.9207665801033059
0.9368616791545359
0.970931723375986
0.9426216085760668
0.9148576027281676
0.9245462169430202
0.9118862175799778
0.9156396102736342
0.9073691906657255
0.9205582033269656
0.9409324412524027
0.9692568460734228
0.96468728377518
0.9766322404619816
0.9469212869905206
0.9216908042013536
0.9081802734628079
0.9157122188006633
0.9352664152796586
0.9176865666053493
0.9269204241422627
0.9093493458172403
0.8879222511712603
0.8551250391074546
0.8620434662294394
0.8735859242860533
0.82334110043333
0.8253268451770855
0.8012466288070748
0.8048585187182132
0.8162009264833974
0.8079622230254846
0.8130954032919324
0.803344125981021
0.8002089187488852
0.8090639739068231
0.8088292987341107
0.7903734948904725
0.7817355820513328
0.7736953369115196
0.777456239175996
0.770297165284609
0.760443229863214
0.7500151613933342
0.7546466305010859
0.7700893580470611
0.7328963202174437
0.7279515963594456
0.7241328194372134
0.7341583785440997
0.7420022105664568
0.7493666914848969
0.7194939987463705
0.7324894236573491
0.7536042281168964
0.7610654153676273
0.7547375179994025
0.7622368241194714
0.7830488014282414
0.7699633590549648
0.7581360776949564
0.7822558633466876
0.8065067052978889
0.81727026169714
0.8407139493101012
0.855112523473287
0.861975979664161
0.8511646108472458
0.8241065008198649
0.8373978456156718
0.8341676893161348
0.818457035876675
0.7991893118373183
0.7917205524973056
0.771962457337555
0.7714528368897362
0.767253356767385
0.7752821673782008
0.7671213607007282
0.7631271072870996
0.7809212470130897
0.7925393233879242
0.757082805672091
0.7490445805967305
0.760328593540836
0.7495694298994449
0.739898281475607
0.7300542656461689
0.7412907325171536
0.7322588964373618
0.7308892581084327
0.7289730942244963
0.7370784212567572
0.7314113438620707
0.7591575342193279
0.741546499579811
0.7307962554210301
0.7358008749096492
0.7140721733158981
0.7229961429062431
0.743237726572857
0.7292510582137884
0.7299249973002715
0.7316054140212886
0.7264352254367699
0.7264067801832139
0.7005208496617157
0.7072870719412147
0.684894896674162
0.6702694014843364
0.6908546884414304
0.701382011854811
0.7192794740049806
0.7063079908958283
0.6886728327028278
0.6828467228362576
0.6740355940233012
0.6612448739770184
0.6909611888517766
0.6858733260416311
0.6759201159322089
0.6859409639618095
0.7024065435164507
0.7191883260788342
0.7229423584176637
0.722696043895291
0.7096426420740471
0.694210517292311
0.7035583430147946
0.7207697662974195
0.7417796780422794
0.7576000739302399
0.7771185393127504
0.7569627845123548
0.74048770882464
0.7384221494609977
0.7367886273716141
0.7223516344463076
0.7492445059369501
0.7472184062691143
0.7598460362074021
0.7874550787281366
0.7639528372415403
0.7734966156942542
0.7337688833835099
0.7425879159691987
0.7303264482799113
0.7477231388351638
0.7478837602315195
0.7523909016676865
0.7707138309828079
0.7780999777139905
0.7572580786977061
0.7653454971726241
0.7736000345615917
0.7711761515447447
0.7849754486095359
0.8127565043625686
0.8085277246074667
0.7975068095395126
0.8256998891245023
0.8489147895250223
0.8639084099182088
0.8619112692074713
0.840453869713107
0.8500781843430802
0.8346241259989851
0.806427715261397
0.798373215914405
0.7874836906852987
0.7811971389193271
0.7688455490095832
0.7904532195917775
0.7797649839206948
0.7812978893956963
0.7888527310025626
0.7687985428804861
0.7694726822313901
0.7751846728863244
0.7612274748748826
0.7668282208524148
0.7394163820148614
0.7268339170483509
0.7157542982870522
0.7194756652863746
0.7444864848557775
0.7250990503796256
0.7330922172961423
0.7366553339228146
0.7594390769199942
0.7712487619096061
0.7662040030972925
0.755773100281131
0.7449762910404591
0.7505088093683265
0.7434973951094777
0.7316109068874803
0.7204710354029904
0.7453609055620165
0.7531977920654743
0.7673093039078295
0.779699574747701
0.739154141017758
0.7269722743380808
0.7107432388712687
0.7266629151132282
0.7367120142739646
0.7359970438105716
0.7365573087586919
0.759895530591591
0.7626017573307016
0.7708370515922572
0.7716463982968357
0.7394833186010514
0.7404937456953027
0.7300692080500111
0.7357527498279899
0.7679588837593343
0.8038446106645588
0.8215646413055731
0.8367751953569501
0.8147664680648796
0.8064309743015708
0.8125762722339361
0.7992882020273447
0.7875145698666129
0.7906903298382805
0.7825506961345251
0.7680628190269325
0.7727110430539779
0.7839374718796033
0.807830663274032
0.8122226253085122
0.8259978449895196
0.826676170875087
0.8197264299908378
0.8010410869731643
0.7867007028859194
0.790440712680535
0.7741125855311103
0.7968693352884394
0.7926709327333323
0.8149030970844863
0.7824194788693321
0.7779051888648598
0.7816777292019216
0.7819578813649828
0.7849702126230746
0.7900292462558656
0.7947089453612644
0.8618663704329378
0.8768823851709698
0.9072181223366087
0.9069357440441089
0.8838273251957036
0.8742509023865882
0.8565240475091187
0.867779661012645
0.8585116140987257
0.8404732031101605
0.8468589583936965
0.8700634376612401
0.8677242051482448
0.8734213876697534
0.8582295545212679
0.8607584031250602
0.8383161033123121
0.8495842568217772
0.8350269728333766
0.8268159252122868
0.8330633418016751
0.8400765843817346
0.8551083278404443
0.8521445678720947
0.8821740406702614
0.8681817077377854
0.8581341827551414
0.8556620640365702
0.86622386642691
0.8698519774916948
0.881912868751814
0.8640629605617014
0.8631921456470354
0.8685951180246232
0.8460519110262187
0.8271532031667101
0.8233508898156384
0.8416288679095902
0.8330975892638723
0.829636536125506
0.8666711952874887
0.8671577756959032
0.8507622022030272
0.83057804223348
0.8646192518180154
0.8753191153363353
0.8703117554932235
0.8559621996861437
0.8415796366668281
0.8497934793379248
0.853180460384148
0.8691517896327257
0.8637646751168447
0.854653755483713
0.866250684509693
0.8926540850476038
0.9074300561290962
0.8873048009227786
0.8673259853314024
0.8721300438003717
0.8603598118649405
0.8466993418764742
0.868135561535348
0.8787257409741926
0.8552227072493319
0.8716046092752842
0.8838790490250819
0.8662908237970856
0.8707595559649859
0.8780114258629907
0.862200706226406
0.8678358205167404
0.8783322139044156
0.8647967388117003
0.8684261564034662
0.8723335400550863
0.8736695744706018
0.890538762061306
0.8841521357112307
0.881349533103793
0.8516543590415944
0.8172472085320738
0.810864003399257
0.8044693119430445
0.8168798415387486
0.8240184850835541
0.7983237461800901
0.8133567239079849
0.8264911272833197
0.8480250903593556
0.8492104533360428
0.8630897786359476
0.8444751749196109
0.8536728531350785
0.8425128517821332
0.8768179214706283
0.9311939859949626
0.9377533156061121
0.9299098511657549
0.9206530111906008
0.9154941023711405
0.9412959813925069
0.9184328967719231
0.9204473611438942
0.9414325634568999
0.9633934803417346
0.9558779205794632
0.9494241428050536
0.989320705991874
0.976047784028671
0.9510478467053022
0.9614533161383675
0.9277377619006195
0.9350960826773997
0.9349090086866768
0.9232481541617971
0.932049065979923
0.9505295864363772
0.9224765741529767
0.9243420960561722
0.9527621171428713
0.9375525772920039
0.9275232871750716
0.9106990193548298
0.930779913116179
0.9584568448390381
0.9643646987435441
0.9423576883714773
0.9177679252853695
0.9163370659627238
0.9230077368866759
0.9330276780596382
0.9094849475914704
0.8903227857101285
0.8790051203645242
0.8889960016582561
0.9145633478071964
0.907448276398643
0.8976550285607728
0.913417109635675
0.8999394557055365
0.9004984952818834
0.8681933024637092
0.8738759405736451
0.8828385601678291
0.909876536023562
0.9156908200468418
0.9213828921247282
0.9166620597852883
0.9192074238468337
0.9124155019663034
0.9004423808265812
0.9502435441326922
0.9479198897382163
0.9331139483220842
0.9437240799957163
0.9364449482556697
0.9409875899319377
0.9236356336315837
0.9306351147352747
0.9305171353569466
0.9394375763420355
0.9171122112655139
0.9026470591524804
0.9194108570434343
0.911189622726394
0.8991690841506349
0.9272575538933978
0.9355562608434612
0.9335192066999086
0.9371595245453763
0.952193351210959
0.961990737769953
0.9680299544887995
0.9754262535169824
0.9922051795276735
0.978695130990101
1.001473908366964
0.9868854332662821
0.9767323576628218
0.9968139542620295
0.9784207914700092
0.985724456488967
1.002146693008468
0.9947655238074903
0.9936775376011815
0.9892477354274463
1.007590216223441
1.028888340629025
1.031372822787677
1.020429544855514
0.9985606242180297
0.9874641544548909
0.9850585553106196
0.9737295322916875
0.9838677551014299
1.003546399001411
0.9916468048206496
0.9805042850031765
0.9703620774513144
0.9516304841267037
0.9572119821125917
0.9503453460410903
0.9476001840386934
0.9494274390514885
0.9420177669643204
0.9550243168054766
0.970556554001245
0.9646715617825731
0.9543658319887425
0.9375214689517785
0.9683857705051773
0.9799110156322089
0.9568470228164291
0.9742900817960437
0.9686097664488381
0.9645470311583616
0.9508570989990524
0.9801923383278889
1.001365849920616
0.9948821512523693
1.023316336654917
1.028643185803529
1.02880471072508
1.049669918120688
1.041102448396125
1.049139109314239
1.035663900042868
1.078400444467708
1.104183904245235
1.092575579926532
1.07956175939865
1.06755529370234
1.072529074631267
1.052445290007648
1.030710044036853
1.03051846294667
1.061641244777715
1.05244359534729
1.051394119982242
1.062907543315356
1.074037914244244
1.051112845347246
1.045616743589113
1.057010050279549
1.038263271979649
1.031308310846429
1.042825964914427
1.055054496537227
1.041033213533674
1.031661144055892
1.020826470886601
1.068690463660697
1.059801022363265
1.041315573615396
1.049856553706687
1.037550252092043
1.03116286398849
1.056580378384922
1.050759274920078
1.078438945113863
1.079186358859928
1.094806883263512
1.079056846097467
1.042792825595837
1.050053268909336
1.078101118285756
1.062464225433103
1.06388877909628
1.081999884285308
1.071435844793111
1.053352120198778
1.037350997570031
1.054548063135541
1.058653669666534
1.04378103839926
1.063122316855012
1.05111490089058
1.059385069869612
1.042683944503184
1.046143061313747
1.057338940798929
1.072386638682493
1.080619504912388
1.082547909374695
1.110018510536705
1.139156535124463
1.164093078353724
