1.054306669772932
1.076335443495846
1.073566614971045
1.071477439886059
1.083028261601675
1.104748694190235
1.088575244603097
1.103253927048045
1.144930887188649
1.122670745869783
1.096859403957732
1.115193768673389
1.130379084351409
1.154754027286559
1.1731788397119
1.154142508175792
1.139032877898412
1.092080802662735
1.070522696037165
1.072435853411551
1.040105093715824
1.051345137911075
1.073926984813394
1.068170888472279
1.085831356231271
1.065527851215442
1.065339626051755
1.097710446428195
1.140602294873922
1.128825659802676
1.10903989756974
1.120795038217745
1.107684485379165
1.120773910015822
1.137713203042648
1.16102816681082
1.171748361779823
1.197063909154916
1.175666496236651
1.175273001723931
1.189768848480858
1.188464835676893
1.192640484580541
1.21162727102882
1.196298147065694
1.212373988029829
1.231427187205517
1.220500880325719
1.167162042270123
1.168872697963216
1.182730604549534
1.183115666050187
1.176952326564601
1.175155971294655
1.159334029153618
1.146975857637755
1.197987388174336
1.217663594204178
1.19449377923452
1.216547183309575
1.199335400126773
1.187833648692768
1.217369196237198
1.210926478245657
1.232167037965389
1.269528124715896
1.2699192333587
1.285163551086653
1.238191367580136
1.229528890855104
1.266645983252301
1.255710882215968
1.23466475267042
1.251962765739042
1.270429712907422
1.285539510165367
1.227310870491272
1.247063323741378
1.27599715429854
1.256703916078561
1.283818535259661
1.301410046170626
1.271173753762115
1.28137370145266
1.282022853504184
1.276964982638747
1.273434690058948
1.280292648504909
1.324463240217467
1.321676484494441
1.341361223198069
1.365678994093536
1.376939178211973
1.386762934200653
1.345535550923677
1.340593724199389
1.276881368922149
1.278003507492562
1.270225372627114
1.288358443511643
1.311431390881725
1.289897731287607
1.260047913756214
1.27948274593718
1.279804185981391
1.260824897511282
1.285234341456279
1.305965479634066
1.299841191950581
1.288893704294172
1.30023427595347
1.312365791132125
1.266755025020288
1.246796425999751
1.283814498234322
1.272192173182878
1.28958724061048
1.314732755834769
1.294370402303384
1.314385982436147
1.290738673381403
1.296653482957752
1.302924959801893
1.279578783563512
1.254801083493455
1.235228628853925
1.246668486377005
1.252760819901271
1.253601183491692
1.23814972121064
1.22970682410793
1.230469661810876
1.261922821232174
1.27902881946702
1.286007427903516
1.276268772350721
1.281836215305769
1.298016508138727
1.303344010489953
1.319528331613809
1.276922174982387
1.272935392275523
1.255889138103668
1.225597424312442
1.213759455109558
1.20843048959878
1.20361956872952
1.20898148377893
1.241006817740374
1.264552916858442
1.238498231477217
1.244063186636823
1.263183246851324
1.2403326442867
1.231180415897468
1.252594430661678
1.26904591559071
1.27782844311927
1.240380280899856
1.24992154130938
1.231975646963098
1.223865677051795
1.252413106945131
1.242677686422038
1.239839913721772
1.223967206074024
1.233316541365937
1.262802974436266
1.249882687121002
1.243315182215427
1.267623628132596
1.26518135810541
1.27832904093186
1.291152892693354
1.295837131351466
1.274084705807265
1.270846187726615
1.282974273178128
1.30810664083592
1.287673877045595
1.242097786956375
1.258177856616815
1.269357475630389
1.280181186010522
1.290341036547879
1.291148825542398
1.313641439034545
1.29136889413841
1.247711989804878
1.255524760097654
1.252577123207908
1.25946648138512
1.190452150608825
1.158284730098025
1.175218411712939
1.17424985042491
1.184531240367713
1.192719401364054
1.173066797310227
1.158627642210617
1.179248337221986
1.194232574477895
1.186930532209837
1.164765090328395
1.162115537276728
1.157347612403317
1.165386772703338
1.18257547626795
1.196722521572946
1.190792556353282
1.180927468713439
1.172766960366589
1.221585314982925
1.209858199352757
1.189582728134269
1.203594578618869
1.159483844007906
1.162844514494385
1.160907807924143
1.171696876937813
1.173412032686807
1.162833869044645
1.171570271385874
1.174883706965899
1.129859950899875
1.127811366639525
1.138005639245315
1.142869957888135
1.13659305269829
1.121425200661168
1.14839111597834
1.137675680732386
1.120537622328819
1.135037015355384
1.119504701699024
1.115099576024166
1.142531939228794
1.140927081783611
1.151877800222829
1.138292806120012
1.080303125942228
1.082879992873084
1.075671607311569
1.08374801237843
1.08543310956583
1.089789922552789
1.092638670211148
1.078294634253403
1.076270538680444
1.058254120851378
1.083593298069018
1.079923088188612
1.074694251086775
1.090223455065023
1.091974603905881
1.089961518098285
1.027745677122807
1.019446827511689
1.028358066252345
1.039546491050814
1.0340336812864
1.040258188669296
1.044632443447061
1.046239861924194
1.047001549422382
1.038332929628928
1.031048675833991
1.028326701170232
1.056018807826121
1.047723244988775
1.039429935898947
1.030997082845897
1.037240624403571
1.047181426752302
1.036380278283613
1.024351996405725
1.049210758611368
1.075233180150303
1.101469810897486
1.102549892456135
1.121145935099348
1.100389345272193
1.093195570884969
1.107350631500394
1.08162456471386
1.096862001892556
1.113534250372142
1.127012965451028
1.176413670521973
1.158909526952037
1.160760320025685
1.159015796991357
1.149333719568606
1.149579113635938
1.14767573568815
1.133327460707851
1.1286170517309
1.145245473737336
1.131848917278809
1.122531505571727
1.154088035037294
1.178852093288722
1.164172980697749
1.167211187317182
1.190041190817026
1.179202303845047
1.160408758913426
1.170104380589591
1.148213141260229
1.148649885879699
1.152471518357036
1.147826370697458
1.151844499305533
1.139579229984362
1.122888876315673
1.143132468220893
1.164830062143258
1.199573776986272
1.161719741102016
1.17060773325481
1.165547760396347
1.177788574908086
1.185302032313648
1.159048517297342
1.160854051955818
1.134551554373004
1.128524362258379
1.151588967124219
1.178066014758394
1.199520080607654
1.211025912724671
1.200147085657976
1.196455820590797
1.177367242102992
1.162513179258984
1.178319031430047
1.20222420829539
1.21311933874927
1.222825436015708
1.240718414091299
1.2176790777681
1.221969601605624
1.197778761014224
1.192133051135285
1.183255599233342
1.190221597529679
1.184399445763136
1.169490214689819
1.181828813372574
1.210065632248331
1.189459646023653
1.178804822394191
1.187391032336843
1.208148345210108
1.194677092394951
1.189305245433583
1.199000267019155
1.226171774618665
1.233900697813562
1.252082990477134
1.242652848620185
1.248635248561408
1.223361708073148
1.209006724059256
1.222708716301803
1.23293186615748
1.239555315280918
1.265818493495183
1.232190097945832
1.208549898208919
1.214393658643424
1.213442706426369
1.218711096076941
1.193911182205669
1.182377112924221
1.182148395994463
1.234625596221338
1.258216295414536
1.225888783952312
1.237333791201498
1.231908511434914
1.223599510457424
1.213864433851145
1.225556135985437
1.221304704685463
1.206904395373502
1.230323415424598
1.213719647693625
1.193726243446624
1.180992014934827
1.18133877997898
1.158727986283014
1.161075805917694
1.174971749166998
1.167657451552818
1.183092607560603
1.179289396894275
1.146240728526449
1.127749029444242
1.142763165758101
1.147127579826878
1.142375755678781
1.142051615733154
1.129139497560673
1.16656562808346
1.152575065999093
1.149777877354581
1.15741588775852
1.139253632403624
1.15381689213266
1.166462655293985
1.190147322730739
1.193493239323014
1.182450545348152
1.190529675351904
1.208978520453139
1.175862155062988
1.176697696290849
1.186048625484539
1.161940228029483
1.154359045490743
1.131005214260274
1.137500390525085
1.153094905746144
1.10543733366521
1.091934211417786
1.11475371225294
1.107889456137002
1.118996100213531
1.133275603394259
1.110404561732671
1.099111947692171
1.111578512321663
1.118088154792024
1.111346535070838
1.096791536325046
1.127874615500194
1.140848794624544
1.098476536823905
1.094117005404412
1.076100790005796
1.08189045822595
1.054832793400188
1.067117970027207
1.095953155613992
1.092361810440503
1.08915624759455
1.086850851832232
1.135487845071449
1.128910933024119
1.155846517470333
1.142566184730717
1.122550806068862
1.145139012090999
1.128957049190389
1.144792871071024
1.159680755469876
1.147770252774529
1.153279285780687
1.141506006242205
1.142983847257673
1.150023055867204
1.122595305359567
1.133532315745326
1.123134241867421
1.142471641368673
1.142074791609773
1.156606857208774
1.151700391798487
1.156454119777552
1.191826372044955
1.214683749291809
1.215771022474568
1.18250122706257
1.153531099356742
1.171376626356527
1.17656212205734
1.1825922218419
1.201953154437779
1.220905514854256
1.224028110420499
1.242224390292245
1.227767749221536
1.220887388451326
1.22780287397328
1.208260776470228
1.191422088371249
1.217203437329987
1.261083110642483
1.246103680947732
1.244743972347664
1.231725696745731
1.225975306675955
1.212529435347038
1.218593812954673
1.239811407583856
1.255504009276411
1.227112041509558
1.212074645758481
1.181039048925865
1.181743255959474
1.168161395743573
1.178126419211439
1.201672765789518
1.1969795228973
1.167871920891914
1.163502971423041
1.180511938798131
1.184466287575309
1.204761166083111
1.210687266548588
1.183948838464931
1.200390261247515
1.236002401835048
1.257086222887633
1.235070172769684
1.211411710926157
1.22170328667682
1.207764098348211
1.189666321124614
1.1897503014453
1.169853335553279
1.139945776028068
1.154810754447415
1.194201741707146
1.175618187506868
1.150155408170676
1.149149156244581
1.103407237741435
1.11015164405169
1.125845472115091
1.124763981789592
1.160800563437899
1.152639754745783
1.142506515378763
1.141259239688117
1.140083215440547
1.153058542084662
1.145947717441959
1.129473800708859
1.148351156543369
1.181687386063874
1.18228042631135
1.200076350727658
1.177618127891875
1.169012118280831
1.172506564865732
1.1930872126615
1.199983605691944
1.206309556697738
1.187386398842132
1.194325741052569
1.216819046859215
1.2362561822435
1.219308555078096
1.205270660712166
1.191458887680226
1.201298747523768
1.224227047280103
1.244426260618757
1.241754109840184
1.233835271967457
1.262543992856443
1.250027230192514
1.219899999131511
1.20537846895063
1.222438086127356
1.211526410581677
1.272760879973373
1.267774380454993
1.243347148477415
1.270342523709812
1.246890811504157
1.247801088948521
1.270362915038546
1.251198073366553
1.261279214064232
1.236420357137166
1.217083665480793
1.183803710969428
1.19366873242137
1.174028856854718
1.157224961974181
1.16249415910266
1.140339804990158
1.11106271136477
1.133584946651827
1.123027933551473
1.121547929298037
1.140917428978951
1.144607857609323
1.126266578027704
1.149986737667785
1.148772752941373
1.151380295222906
1.128124270995981
1.153878047065057
1.142453880277893
1.125088285854769
1.136617274296675
1.125133317673175
1.127936586030202
1.128104308517834
1.116853000838065
1.069535265916027
1.071224511902454
1.093181365094095
1.081399664452213
1.079248837168282
1.072676579324032
1.098249103455301
1.068701722483546
1.045542718173897
1.046676773151004
1.049969410588993
1.061237984495274
1.070248885320646
1.057370048359265
1.048966884826708
1.073675921587081
1.079047190280874
1.086599896633572
1.103454190901168
1.10184651450704
1.106568578970298
1.092514323489924
1.093640643088014
1.112597185733657
1.101656820308444
1.109945263389225
1.088826953500244
1.078360648685139
1.107953881595219
1.103648916515716
1.09874759718138
1.121085080224609
1.133337924894797
1.135763262592604
1.092700986760634
1.091441065759766
1.051482211484238
1.06064067779561
1.056417714975735
1.058453150598039
1.03717732870772
1.007504986950045
1.017006357430178
1.026830497686139
0.9998452794609628
0.9882026838044474
1.007712923904189
0.9969426427379541
1.011738534937231
1.005922740727604
0.9930344700498732
1.020856558786957
1.058984382161806
1.064139788315911
1.09001172550443
1.074831738290936
1.065710595887109
1.063027941338978
1.044850389846751
1.043101604314789
1.048119715983413
1.042627998519982
1.038350853225852
1.027125183851649
1.024605605760921
1.024256516311363
1.030362603740252
1.0461000421304
1.094736537409399
1.102444206191865
1.112538569803023
1.115535643836471
1.148917174463665
1.151472314573651
1.145571906379381
1.126472873817358
1.123150235850182
1.124505694384242
1.143902292165516
1.135976881658241
1.118201190314632
1.129408571087886
1.099150310468413
1.098352221379546
1.112588237914402
1.140112173753167
1.139532297387906
1.130023064929923
1.115508241119588
1.117352859993829
1.142800220443885
1.13363550192984
1.128874950952417
1.112541801597382
1.104641587781694
1.113539842585612
1.113128800479415
1.109672639215258
1.091866518216094
1.09519803936505
1.154526468262833
1.17987157221946
1.163442827485456
1.163310549489982
1.207631279010327
1.204863804059406
1.177648123891083
1.169916692076309
1.133738558333895
1.156438862360325
1.138081817510706
1.127044840504132
1.17592803425501
1.17643243118518
1.155352405295226
1.149914132772674
1.147822451079884
1.128943223869528
1.123573623031794
1.137763161484098
1.179368310976266
1.197071014009321
1.200433708411745
1.188595212632158
1.192458464241197
1.191883615048383
1.163504620051451
1.148403933256512
1.127911012099205
1.141692934452514
1.145293040818474
1.148134736379557
1.150435870856609
1.138444918133565
1.15472388025647
1.160773233944653
1.122032346196847
1.108134059382818
1.111933399719336
1.11718577380947
1.097745484757359
1.109364583967929
1.077074801295635
1.077696272871887
1.078961280707252
1.090564314963894
1.103245808130174
1.100592281463637
1.08897761118516
1.103196115441945
1.104432444720941
1.107024705945522
1.057109190374756
1.074690123972642
1.085132449241164
1.079856017008343
1.073102863448654
1.044993821530797
1.02987387911197
1.023807618677168
1.044617441022569
1.039260186915354
1.080177293813438
1.058601304560067
1.035838352813337
1.045481336824495
1.02405531908717
1.01792997088369
1.0542563078325
1.030544517627884
1.015530087807308
1.010292611424946
1.007756806750645
1.00794991376897
1.008136152368396
0.996725757900678
1.029086169459767
1.024080591650502
1.034186270770917
1.022949521719
1.010330784264888
1.006841406927711
0.9817203761922199
0.9932167796377884
1.005488778833871
1.015198235356435
1.037519067266596
1.028925092395756
1.00394522317229
1.019855286040195
1.005353710595403
1.012664149422855
0.9816223930452396
0.9655430278624979
0.9916137288922922
0.9912601072339147
1.01023272005173
1.037699396149146
1.051945703579467
1.034174821114469
1.019938803376012
1.007614160400771
1.003310955130326
1.0204623274939
1.027977454635025
1.029132234676606
1.04985695992282
1.036654527282757
1.029332112080502
1.011851682081642
1.041279217855522
1.027808219281668
0.986986250323881
0.9595495773294523
0.9754018388533622
0.9793642708875118
0.9567009778009141
0.9496108389309736
0.9442108629422373
0.9596840551284124
0.9924403936759431
0.9928559518455689
1.026128404098139
1.006107476511135
0.9917448627421053
1.005038034382564
1.016638908563652
1.028244978849789
1.03706767061408
1.062248669612177
1.077307986010577
1.054556856612566
1.005444155596823
1.000023366444572
0.9998010521752735
1.018241026560339
1.023600330079747
1.01493405188509
0.9965663930426366
0.9917591191271331
1.011627784930318
1.012672045209833
1.045206379408604
1.062855498994361
1.061542675524225
1.06458937058535
1.074402255168148
1.048522414728269
1.036329308143239
1.047215039275819
1.027899992173203
1.009411252927245
1.022590427048052
1.040084518699524
1.053677017727999
1.053790827324151
1.100304557812769
1.091301429216085
1.08520671899596
1.087972068875291
1.05068097166793
1.050368912056499
1.019309836627283
1.014331569572993
1.006998378155842
1.027782080758008
1.041360873539367
1.037655297804037
1.046215039578419
1.042597025189357
1.061492212042857
1.042911740738766
1.055094687175742
1.076215662432303
1.064430085990827
1.04473656642283
1.016089256229976
1.016810058485904
1.015560693780504
1.032577380025014
1.02528812312223
1.046468572089
1.022787165668236
1.016334484989716
1.062495612580374
1.049556316353487
1.046396394372076
1.066626935415753
1.111525723025468
1.103178633988599
1.102261498840399
1.086864382773054
1.107904743086043
1.087088859515225
1.071341950119179
1.082296102355105
1.07604856069576
1.062211691896666
1.077376993638989
1.09707821843426
1.114582657006162
1.101199959605077
1.123353784790518
1.130310785475234
1.159607906598872
1.154597336598693
1.17724987680674
1.173294387303942
1.185314073953335
1.19854705234988
1.180662514646307
1.157946247989873
1.188818886699775
1.175317314950638
1.187171270039799
1.174337427327494
1.198399173799522
1.186896844768918
1.16779132464252
1.161064986104544
1.158715600985862
1.180051470777495
1.184503567992042
1.171804320432924
1.213456272761682
1.225288353745492
1.250859187638775
1.228779186556163
1.219479106487593
1.246668510512124
1.233349718281683
1.213436785081662
1.193256146765276
1.18795187970391
1.187211352929461
1.194589871042777
1.18151305490893
1.186759133618897
1.211824423979287
1.186983526475511
1.15649074080822
1.1379609231752
1.135274662016216
1.157026168426974
1.16645908873199
1.148532520742848
1.16378634433539
1.148056673709827
1.136538692414971
1.160061832464067
1.172276504091218
1.166810535806179
1.181235682200913
1.175761615559865
1.155527276158391
1.156100038649308
1.120375272045938
1.098715147537107
1.125383195257824
1.118912419841575
1.101251695937904
1.116413748067054
1.102230961204745
1.106944052620525
1.075348211778217
1.078650750556208
1.082169706615684
1.096241334684571
1.072435755447368
1.073519796451592
1.047263972130295
1.058374965477804
1.091334025543437
1.075693885553524
1.093012842987002
1.10353597522108
1.095594776104761
1.103948352266608
1.083468484542247
1.102474819406746
1.137811879593698
1.147006790420118
1.147900944000817
1.15123943729075
1.120862549100616
1.129457656628353
1.158704691424519
1.122983771782482
1.10748574273863
1.101419773843055
1.119771657947022
1.127258243728256
1.101734315342014
1.103580070712251
1.097765452932849
1.103386119734011
1.116264621767959
1.129903882948901
1.116923592008953
1.105692138099547
1.144931291299473
1.133783921892516
1.129632078765163
1.137993520039674
1.144471485895571
1.136828298939517
1.12132391019905
1.113593733873338
1.137246028679461
1.13402857980493
1.150833825499782
1.171407575347425
1.184382537458726
1.174410201340711
1.16058750154304
1.135176682228174
1.11349763012723
1.149890280977295
1.163501668960272
1.173726131449228
1.179541984436663
1.186939903242324
1.162772231039398
1.169061579518812
1.164586174498462
1.144854973820726
1.153137375146813
1.147283377913207
1.190002053899858
1.218982617367681
1.189011304108488
1.208165226395428
1.216951515071679
1.248616520397975
1.275130407453898
1.26280036585116
1.253915266340262
1.241132490619039
1.273546944506875
1.243262738066122
1.224898838650276
1.208232900064388
1.206873618479316
1.220567202996862
1.247967191488432
1.237246756751807
1.259712447729044
1.27109231367336
1.297115870923236
1.283204071368501
1.314787854582759
1.293342308669002
1.287407382231268
1.262182118472047
1.260182742123864
1.235898172698546
1.255950589688396
1.245194791837262
1.223738857093156
1.237411533635673
1.234050518983116
1.211780716024803
1.207074796773536
1.242628388480481
1.263487886067832
1.272012423268328
1.238540248398553
1.231516604084119
1.252408864043381
1.270134357922383
1.241029522354015
1.236886832801484
1.218806714956237
1.191110026395872
1.217403812507621
1.195122757117341
1.190830707959182
1.163107698498033
1.188868605599066
1.191163476520219
1.179138243552408
1.17738850391018
1.186695369622996
1.188312984884206
1.252093602834759
1.232770140186905
1.231642628779693
1.223089725727065
1.243263644301726
1.236554894193229
1.24803302634098
1.257455943459926
1.210514591356292
1.202235372781222
1.219722710262144
1.208158429371046
1.237355959135856
1.213448725516462
1.208170246816415
1.209807694247507
1.197977725375892
1.20563376026324
1.189128228074901
1.15651339010367
1.167659599415306
1.141137807845954
1.118874427028773
1.141259725259381
1.154776812151846
1.149019261732112
1.134261714814461
1.158458796845496
1.168606319918329
1.176064969505559
1.20040749225607
1.170784200504905
1.117313619476778
1.130510244937624
1.156824199534543
1.1433198170874
1.133983772396759
1.120081947215567
1.135308465275952
1.11991390421506
1.14090927956569
1.14250072486612
1.165267393135064
1.175080111622475
1.147045009743966
1.116846370672421
1.130378405626164
1.129446118297387
1.153603285259093
1.141568695948858
1.142095404725487
1.162797151266162
1.15041477164516
1.162267563783945
1.133343329877875
1.158116276725405
1.176723489061198
1.170896591029259
1.189533337366382
1.218011815817964
1.236982545466372
1.228430409725339
1.224129478457299
1.209253434163908
1.194443902210867
1.191565044491229
1.168811219296185
1.17478328398451
1.157565344972567
1.169305976933875
1.178080713674338
1.180138385680078
1.193795381166801
1.210281560553619
1.166723709011082
1.189241453900053
1.165269994407126
1.183562890005853
1.168176669094394
1.134480565281918
1.130814575370062
1.12169712340306
1.122175980312439
1.142863275031869
1.158404049573851
1.143865324513242
1.128970562534349
1.131613682
1.122676345366746
1.108128191977922
1.128515213220514
1.125978810673537
1.123362055318077
1.12583547652296
1.107372117593776
1.125165331868515
1.18827418697721
1.201076914688677
1.189204799434997
1.172473432223418
1.16449506970475
1.156816747457008
1.170421899680841
1.179203534869133
1.164660667208799
1.168212758047458
1.187104330721739
1.171517607866421
1.152342214898284
1.155296500026338
1.151591802033775
1.139683083826369
1.154867200936441
1.16945693922381
1.151802188028661
1.163897493660676
1.170556200668656
1.188753021069372
1.17655024168701
1.151989160829416
1.151718196398855
1.156540580191228
1.140133598588742
1.119258664800137
1.124696954014535
1.108128240181073
1.095438434044244
1.108675584469419
1.115837285048803
1.128834068271253
1.104838971286257
1.109620027109113
1.073036410912742
1.078140615307666
1.079871076969951
1.096577983946099
1.077618016187435
1.054568724421033
1.065518776171463
1.086166830651126
1.079160141135838
1.087951682538368
1.104545720689856
1.113841115033457
1.131421159669058
1.123577196217879
1.143333988890458
1.127960736129814
1.114512198877195
1.099096351765009
1.103852723558368
1.102861124397819
1.151487718308801
1.13433937653938
1.122095947292836
1.13094315141114
1.122049789276866
1.134561027192632
1.128712487361052
1.111907638461283
1.10122932441524
1.116016075429725
1.093262932005546
1.076020298246674
1.078658435559372
1.067248562470328
1.047566702073543
1.056252467372247
1.069720153445268
1.071815153770427
1.096159284052768
1.095805111531821
1.119307552230124
1.109864462941627
1.100356260376437
1.092883415257314
1.081053372537019
1.066169228711698
1.035606296494102
1.054687816030604
1.032293628696964
1.0453137145267
1.05434972618933
1.068551525574327
1.084418828139537
1.074384669227262
1.095645891902173
1.084241857661879
1.060339159760947
1.082250408158013
1.053361303315113
1.073901113494982
1.102863281673588
1.112117739028904
1.099131519139354
1.085649194810735
1.094805823798533
1.068333988509912
1.079653228685352
1.086271153575264
1.058501250813551
1.065991309543856
1.04467908367186
1.045894142977931
1.040169953675195
1.063066739532478
1.073767308389176
1.068034308383083
1.066840951619662
1.053383793785577
1.030787212210861
1.044050605911444
1.069450231831908
1.059092180982887
1.0392698257978
1.043344336307868
1.030298892191936
1.009230853234819
1.039631153418156
1.030327244208917
1.038248110233452
1.035039198919595
1.037877077409726
1.035155826405386
1.092226656106439
1.087450083205745
1.121202375296052
1.143441636038802
1.140019575144746
1.112850912804721
1.078617175779818
1.101931844506348
1.136676170371515
1.15803191016871
1.146374810323626
1.114571781496547
1.107163680901408
1.12354885587494
1.103543803353103
1.079061685756075
1.066995465228336
1.060868145906426
1.071863427823179
1.092027442441973
1.073909504585641
1.096726055093975
1.103502280862862
1.118661089393955
1.108469413858263
1.084560696410679
1.063283269490112
1.039854762603047
1.031074139467378
1.052408497117174
1.063365901998956
1.04671928478716
1.069474461455617
1.08517449461585
1.112484546936301
1.095802187533357
1.066049889845839
1.075385698518478
1.089120593766208
1.079094410661487
1.09617722673394
1.089057868753628
1.120232847772164
1.107950718106493
1.0970287910763
1.120955501312989
1.144082542408074
1.134328816483358
1.159118525687411
1.173758126329634
1.170731964051098
1.15332518996813
1.151732789665147
1.141046843692229
1.151376184483621
1.162070793248877
1.130993213096321
1.143552335523812
1.138326676154658
1.154848138771805
1.137171140009136
1.108583897144457
1.106762514236987
1.098305055922101
1.116942492145609
1.128003034942805
1.131735598503966
1.115031478767151
1.108118875178402
1.086452866114982
1.07492310697112
1.084117320588074
1.101999092764231
1.07054230408963
1.053108514499093
1.038253594139462
1.048395201872962
1.036018173155215
1.036176505819143
1.029594013988445
1.079093273673209
1.076829385233808
1.057272461077766
1.059707874707216
1.051391766065339
1.046071520906203
1.03504581382771
1.032799696751858
1.033055262679597
1.021097075154287
1.021456976140326
1.028011177834211
1.01417717967042
0.9862329726207919
1.008436019236961
0.9939647522699081
0.9704489732493566
0.9675952266473132
0.9633780153157236
0.9474288629574645
0.9439726100343631
0.9483621213907638
0.9436583979830863
0.9602134178007319
0.9915875330220598
0.9722494469262519
0.9715907812931263
0.9616169701842715
0.9484529445759508
0.9727678555082128
0.9880548556189644
0.9869271506245518
0.996916917046092
1.006985255412199
0.9942527631770057
0.9742716846089274
0.9695385430269581
0.9672449015362191
0.954450989106877
0.9677280379056755
0.9777729595670849
1.000736549560959
0.9715450962136394
0.9813324573448394
0.9912896191309138
1.007528152169769
1.000184126960818
0.9865076300490505
1.008185244275768
0.9873608249224975
0.9904491944221984
0.9894030905812715
0.9844576578458524
0.9768824519264749
0.9731711312600173
0.9822505181367074
0.988306038786092
0.9807134468376973
0.9581570463337163
0.9511904666968125
0.9527687007165213
0.9747071377042078
0.9843418165771212
0.9947262250117758
1.018651058648007
1.010155480795371
0.9731813384275315
0.976163053239583
0.9605298962386711
0.9827750501184411
0.9582068898383884
0.9602683589370996
0.9447632051885414
0.9673731735640804
0.9853385446099383
0.976625636556233
0.9757157293068868
0.9836158438591529
0.9796466471359323
0.989962272049663
0.9780637583571097
0.9428699149723673
0.9387515324665263
0.936723983931775
0.9690219780738168
0.9606209695119943
0.9936245126423453
1.036175447568684
1.057915852476685
1.053144657003569
1.033726268512094
1.041930254417867
1.043511088875381
1.036967301994473
1.029972697062409
1.025942250465893
1.030712106497611
1.030828989021117
1.007162536643857
0.9958300362771998
1.001346844054759
0.9864611798958848
1.00244770347174
1.010320694781322
1.047283248515227
1.055118954141014
1.083821770630639
1.072964935143443
1.065013933279196
1.060618421025398
1.030450271024063
1.047381958968639
1.059975286480133
1.073886443671638
1.095328770933409
1.10548502106228
1.106654574520419
1.125309136283435
1.103229422098288
1.108048356025858
1.081983525062812
1.0840071928392
1.073510543947969
1.086269594617628
1.083908225713807
1.065395478099705
1.084194748285417
1.076771919694126
1.081784097471565
1.073467494031249
1.088238996388631
1.078130313515577
1.073881066443017
1.074519803324232
1.059097414478896
1.052537259388316
1.052315577365733
1.045056771815493
1.049341420061426
1.051807844267904
1.021882872983385
1.011593719452092
1.007092722839761
0.9972290142109109
0.9813869058703667
0.9633102935672205
0.9500950647357836
0.9605923212992855
0.9732789269645272
0.9759457926465781
0.9756742462680023
0.9758510089267738
0.9651773393927601
0.980031640168834
0.9666143453441501
0.9803480547121378
0.9941431478738896
1.003194403182117
0.9840138871538436
0.9734406858982442
0.9811756339224846
0.9731677743620789
0.9972648164554081
0.9861353827946698
0.9670463096877432
0.9562822569684178
0.9805528404899974
0.9918443307245572
1.022043643451161
1.029145296673602
1.013842169326728
1.007970383823233
1.003655629804632
0.9920396134415767
1.028531749013702
1.00672974729754
0.9890162549175592
0.9983341906475918
1.016259809350783
1.013090254109343
1.033130730207552
1.021672335252872
1.046449022406781
1.033234098164137
1.044756772261438
1.034486249505568
1.018750508537159
1.011949782720144
1.051617507270032
1.04449699998208
1.031164287859824
1.025940740293845
0.9960958310701757
1.003508804103298
1.01151109215952
1.012171704422873
1.004164208607004
0.9757830942072501
0.9708967018954447
0.9694228256254384
0.9720848395553464
0.9928872873122421
0.9735600706228017
0.9681210099975976
0.9707603063036774
0.9632624472226939
0.9580998969490497
0.9493207217834716
0.9674998625685394
0.9551033952437221
0.9409959565093972
0.9641682381996338
0.9541431436167535
0.961053525324244
0.9390134256299866
0.9208115289290999
0.9199772316308618
0.9297792163683596
0.8961221770758043
0.9039593064886245
0.928856756625896
0.9359434976609702
0.9321724089772486
0.9324970842775562
0.9510414903802061
0.9699373651894726
0.9505143979345484
0.9523883883533903
0.9559800695900892
0.9541777862111461
0.9695984978604236
0.9626855403407868
0.9308329616977157
0.9263788194315427
0.934016991258004
0.9355276712403664
0.8944360435827008
0.8973329311622084
0.92033404230368
0.9121416962298751
0.9206488490035882
0.9278670374593085
0.9087562545594514
0.9336718378960137
0.9039392850888668
0.886008397970687
0.9064800491709991
0.9045369244823208
0.9286139419184075
0.9200252293467341
0.9257017799057249
0.9245067767669187
0.955514711190701
0.9452207949229831
0.9247898765610135
0.9599198399948069
0.9755710138531316
0.957085168786073
0.947557279206961
0.9243368996139705
0.9201603802251175
0.9128695159892616
0.9331759156934747
0.9166479875551079
0.9252247421936373
0.94636100353359
0.9713241905647934
0.9552652537938338
0.9687693202296985
0.9505262936265435
0.9623184572505656
0.9722184663650797
0.9429652308519667
0.9260666527892288
0.9001208531476454
0.9341625393777025
0.9437749215777657
0.9579910470160899
0.9697173401847784
0.9580613305213244
0.9322936835333591
0.9172819555670227
0.9279578665787596
0.9360312622952578
0.9542480974164333
0.9473841834297716
0.9815799457595891
0.9647846587754437
0.9325871366765316
0.9077345704661872
0.9031542384070368
0.8903044590043612
0.8905207211333175
0.89976408916293
0.9075754192347982
0.9030213157168564
0.9057076330602063
0.9037380827233433
0.9257738417465844
0.9114425831936385
0.8941692634442134
0.8841021250292506
0.8906047692608059
0.8866099630653472
0.8853301897883149
0.8732513511574996
0.8480483934337114
0.8569143260672895
0.8547846470199519
0.8472572115325109
0.8307991737243302
0.8397065886074868
0.8378568771418144
0.8322353745058657
0.8254898668459044
0.8185557702824284
0.8301214465450413
0.807958528417108
0.8237482998271453
0.8330988661061547
0.8277334132631311
0.8391239843723117
0.8278218102644906
0.8292089363642333
0.8618884789884966
0.8584758404437073
0.8598554664098469
0.8554922137495866
0.8569507509021791
0.8763800048516066
0.9033918940758597
0.8944880653331627
0.9048705733736566
0.9182162974764704
0.8942377577709505
0.9089119234832714
0.9215827776862089
0.9383695954617174
0.9401810312970696
0.9429456918421538
0.9189111288036471
0.9206582741504714
0.8989705545716478
0.8849257127807799
0.8771580472620772
0.8809922657981317
0.8595704744848659
0.8743097767630829
0.8947199538461915
0.8869371449704309
0.8654955663027508
0.8558573083883809
0.8669235659081118
0.8472677963901111
0.8441683898614974
0.863865448804887
0.8669001456579881
0.8748095063422918
0.8903776072639304
0.888104282478145
0.873450713588416
0.867965071462852
0.8978916058622282
0.8968769368981964
0.8896986169991072
0.9020861958110351
0.9039319643264458
0.914561941714819
0.9300455868747468
0.9413012915985604
0.9103960257046058
0.913624747765838
0.9460426362479772
0.9413076014592142
0.9250289053315325
0.8882772716506745
0.8897698909386501
0.900176329752557
0.8884404687100474
0.8763936973629592
0.8754032267524647
0.9051619468057017
0.9226523654278047
0.9050512294172451
0.8890245518110311
0.8797095122052295
0.8891062783133833
0.8707331426734313
0.8593268763697013
0.8457155291991172
0.8413785773744076
0.8462566529934058
0.8582066526998446
0.8607781327635439
0.8864067045854707
0.8948140152796908
0.90273116898223
0.879776098705904
0.8993638102123642
0.8734865295605446
0.8806653779511315
0.8755772021039069
0.856716171138692
0.8820200814390283
0.8907070782930712
0.9109770940723754
0.9291092645259262
0.9239741322674495
0.9500517426201709
0.9423795489127643
0.9271319582023058
0.9248778452245398
0.929566755913661
0.9201785894585646
0.9036912610679484
0.9379522629894886
0.9710121662070326
0.9796234325372957
1.023788340144107
1.003845036703128
1.011126610894814
1.026845467987813
1.009165527825244
0.9958060004906628
0.9979014677233879
1.011351872160178
0.9842255570584177
0.9684275543363335
0.967165917905652
0.9801952912068606
0.9969869962759497
0.9847965867327594
1.007585373210558
0.9784480736901049
0.977719850358154
0.9845041806640543
1.028891975969827
1.019966798919991
1.050783987101102
1.058233194205938
1.033016818246444
1.047748663138359
1.052044598195148
1.032695993312627
1.060326284636324
1.088089633823716
1.058834713781403
1.030502636248447
1.01611423091948
1.030473538775847
1.041763118349715
1.01973329733877
1.004199614940015
0.9996064196398767
0.9822906865825423
0.9615853614529728
1.007627805355356
1.02307408083373
1.005956777186941
0.9931417911877727
0.978977512102907
0.9870350576973618
0.9691042955651545
0.9469327546005359
0.942579692621026
0.9546663452554937
0.9658416925495787
0.9526803568524775
0.9347727812249813
0.9338744200250406
0.901302968242328
0.9072408976015124
0.9217084410886646
0.9228609805018555
0.9251411668867482
0.8982099392674643
0.8903716003123892
0.8920448814696424
0.8928503496801757
0.8815095560778452
0.8709239547299761
0.8726822456365544
0.8747161141263288
0.8891485800876636
0.8735098249019236
0.8805762465929881
0.8578809296723084
0.8376996975487351
0.8406979116185075
0.8299004727192576
0.8451316808393905
0.8599742967950172
0.8636635792962619
0.8816268682757148
0.8907413045160184
0.8883059295337011
0.9237850519127688
0.9388963805308161
0.9435907243858594
0.9585477057459629
0.9429358526635757
0.9336342693042657
0.9524017907056992
0.9435527357287197
0.9530820815300814
0.9664824835424607
0.9372590627095033
0.9418933707303634
0.9420890138144867
0.9180621552451143
0.8893082337707893
0.9048567254490087
0.889297773394329
0.9026282497980099
0.9092882873419335
0.939685159294802
0.9405312214442563
0.9626959705046573
0.9358397939613632
0.9276798490267577
0.9076442554141797
0.9069309888895538
0.9205802104933238
0.9075515860566614
0.922754045553364
0.9199415988696477
0.9377153524656394
0.9183110604127446
0.9167884545689968
0.9033853538301115
0.9115159043626168
0.9203646262354036
0.9301479308580194
0.9109685271681678
0.9264040684749661
0.933029996350024
0.8967707402394899
0.8687909087511625
0.8560150415210057
0.8707162224681775
0.9089896129453509
0.8980282174431961
0.8936720934888762
0.8706698763250171
0.8289445994110521
0.8346497580590865
0.8455553696289861
0.8547837192805068
0.8785674618756709
0.8633647976879782
0.8692512598669099
0.8676815751781429
0.900416666549656
0.8918563031491031
0.9010127441605209
0.9090163563060878
0.8836586048093564
0.8712817309149467
0.8906673160759195
0.8714265331260048
0.8482642036676139
0.8593035066102729
0.8666857399746717
0.8540754582755253
0.8834094453558653
0.8959130343132354
0.8739987413965089
0.8802345584259843
0.8802815368087225
0.8848593106801432
0.8767941017913433
0.8737071413227351
0.8836817920364838
0.8970860156690841
0.9056830909006663
0.909718951963544
0.8628954835420682
0.8609967261973586
0.8566154684053668
0.8384952465521458
0.8102126730891435
0.823834366878218
0.8371178664486407
0.8430746078768603
0.8522385117234167
0.8620588056734204
0.8396654217201704
0.8650494112221983
0.8344550667866528
0.8437769675147816
0.8590045457322926
0.8696839722177259
0.8593531304189533
0.8542118906926273
0.8860906114795674
0.8807480177818391
0.8794981414723833
0.8911762527968728
0.8876851718890173
0.8865966910232782
0.9074364386873289
0.9407669286664576
0.9276458261068863
0.9249159372020601
0.9279773664329487
0.9467868048139817
0.9703151874222772
0.955371231365202
0.9666428794968289
0.989113238413567
0.957744899893629
0.9333068377448905
0.9316028649708137
0.9519262143726405
0.9404489238381962
0.9272573553273896
0.9272386708576241
0.9160163102873395
0.9260448692458633
0.9636153821713012
0.9492702117663102
0.9246538658616749
0.9240255034845741
0.918024375776864
0.9243617528786487
0.9423972854233247
0.959865698971164
0.9745684275689479
0.9656950645562856
0.9863470556401851
0.9875098126574825
0.994656661666011
1.002669706676898
1.022643586653739
0.992598039932055
1.000802885164475
1.030148000520585
1.025637623908907
1.013863194760783
1.017735947432498
1.003287733607329
1.000184119355894
0.9606521786669842
0.9474238071100733
0.9584058987040817
0.951897897388346
0.9653140021573415
0.9842419382104287
0.919924808413198
0.9184858384869254
0.9463337414313368
0.935483802850732
0.9462665168038109
0.9664986353582037
0.9335441370615543
0.9174249287930979
0.9128909747150069
0.9152073109973399
0.9194916737754009
0.9284835648475815
0.9199089843323627
0.8970518315174988
0.8997717159751633
0.8928817541709169
0.8808911438325042
0.8993478716814465
0.898267077690898
0.9045537463511922
0.8968249522706526
0.8728805755638139
0.8743457989119918
0.8667278346752585
0.9028311368979126
0.9035960852036421
0.887863018978998
0.9129117805375548
0.9290964182278585
0.9421021241759342
0.9548353664782471
0.9735353930671226
0.9413378118923895
0.926769848521217
0.9293850137676661
0.9306053585440638
0.9570238204771609
0.9609615377586287
0.9389342910093371
0.9379951169687457
0.9779115092584819
0.9684656453878139
0.9648476098140933
0.9520955075240234
0.953498354925515
0.969617899580982
0.9566732449342027
0.9384834597475837
0.9368886320938618
0.9478591051544591
0.9544694207120481
0.9732409284599521
0.9357301523301748
0.9411447773900862
0.9131127162809374
0.9381802782545756
0.9753358089242939
0.9671578029013779
0.9711179721770384
0.9904367700637607
0.9601569904739363
0.9508093585942533
0.9247416032735247
0.9459765937350884
0.9400912516969568
0.9537481067379958
0.9233151139116735
0.9306458596614716
0.9419721990465748
0.9511804638163633
0.9566723313761184
0.9660805085745735
0.9876747383332604
0.9963532074349548
0.9698229099207831
0.9507238554111727
0.9719712636805909
0.9721894454507558
0.9712995865120414
0.9630293633297539
1.012430524522044
1.02128523747672
1.021350957020725
1.013954090769884
1.002532307336084
1.003294801978719
0.9909684830200644
0.9807655123913193
0.991764429402754
0.988228153733872
1.007082829044615
0.9805900508218635
0.9550343883738398
0.9669257271626517
0.962682560868211
0.9657971455525304
0.9391504557010787
0.9340082509373991
0.9535576222039738
0.9481774359373564
0.9686155759615536
0.9487527505505837
0.9519469472521135
0.9464204095533901
0.9130559651210708
0.9211721959805649
0.9259123021457405
0.9099870680334374
0.9335517302204819
0.9447561395371863
0.9155887814333823
0.9186480925379229
0.9027376924040212
0.915564836820702
0.9241835569247701
0.9333755602274272
0.9249339246745734
0.9197734179189094
0.9250665796128299
0.9248195594805759
0.9373448510895851
0.9256796832787055
0.9554165710705547
0.9434482155249387
0.9203548955938649
0.9127355059056996
0.8931571046316852
0.922372538997064
0.9384713961495654
0.9440523972989715
0.9687544776094217
0.9526976573321461
0.9276529951854544
0.9056914915082664
0.9252933748220983
0.936796001760867
0.9116094132699223
0.9181626919792307
0.942923625324929
0.9380688487478263
0.9662262099131499
0.971700419553753
0.9378827869395121
0.9571661855160686
0.9793581380971405
0.9963696548420001
0.9889825886423179
0.9721950832979629
0.9884989134958265
1.004390169725633
1.02114012794344
0.9873966041960005
0.9740614419398479
0.97736528561134
0.9914579865824278
0.9755324486056884
0.9633162763234592
0.9510202427971549
0.9533303308096081
0.9733707654300546
0.9729466262211273
0.995238131471797
0.9765343623123633
0.9793996952791055
0.9509425760203114
0.9431942409999393
0.980198467249576
0.9710825010853701
0.9994593738587212
1.033913717624434
1.050926689144246
1.031876949644672
1.002716414029065
1.009821034189981
1.007172369328777
1.026902096884257
1.00573368922955
1.010570803871788
1.023810187023093
1.011460536863824
0.9922524484318226
1.008914434575516
1.017541125652455
1.038235615092172
1.063444652462667
1.069073499039329
1.089311375891068
1.083802386083409
1.072003321511894
1.056899248158871
1.085332221655352
1.070330137741578
1.055948954602469
1.06956700232192
1.055764704630765
1.062235153764266
1.064647009315254
1.075658675865111
1.087758510412039
1.080107431864117
1.088777618646477
1.082939593885089
1.116043616255992
1.098311878334444
1.101447079655369
1.093967356872106
1.090620857066368
1.077942873406081
1.105788814799987
1.10031127192473
1.110641825083108
1.129867764293726
1.145607873000174
1.140046226995732
1.118450066735825
1.132456868008479
1.11605902073185
1.105435837687734
1.109253608131242
1.133428329370922
1.146105990584906
1.150714212482915
1.165568197941089
1.173232815141249
1.147540150396884
1.140030638843219
1.16425867807213
1.153303429504433
1.194529234835129
1.173666957852202
1.160496498756298
1.140913603126903
1.106075426119425
1.07514043176824
1.098110541407997
1.121410687115797
1.075889712622997
1.072675252211082
1.081202019312777
1.057453900343899
1.023878531043284
1.039500926404967
1.03601655550884
1.047371200196211
1.037616098578466
1.056904236747982
1.069643542202787
1.082867943612555
1.104829725527768
1.094473124655023
1.086658978077165
1.083848660749274
1.146901679450016
1.135470655665334
1.132036103297009
1.114242914276855
1.099243287517226
1.075482722710379
1.084485014965469
1.095579000685749
1.09977590407304
1.121619113423566
1.114734578625873
1.124030866054085
1.119824309681948
1.135291725081673
1.156999818246317
1.177881179130703
1.197142459344231
1.211481143104335
1.181849038322479
1.17828505543054
1.174493897422277
1.208833371626644
1.22556851923843
1.213765876980247
1.200007669460903
1.169998152529263
1.158050916956517
1.161462521035543
1.141317283700069
1.142704192202208
1.127997759707467
1.118877283498409
1.169800769011258
1.148946659034758
1.141408002261893
1.130444572866616
1.09174794892788
1.073110972575858
1.080243678545486
1.087814802361859
1.071059952093676
1.097349238967113
1.117847518183368
1.090670604595929
1.072165556793453
1.058706327412232
1.085304167320095
1.084900502440809
1.067551396587405
1.035216845214335
1.040349093017809
1.023233963181571
0.9885891181946926
1.002796551612111
1.016376203036122
1.036610058996866
1.031889615570095
1.055821717862262
1.064838778514786
1.06535569659509
1.079505504270012
1.066532798630331
1.067145674257223
1.067812601102373
1.047196329944956
1.039834706104585
1.062431225763297
1.051512158037372
1.080151545598221
1.068479568262186
1.050989355669906
1.064250273686409
1.063275921759396
1.081887010359244
1.091958467946412
1.05583714519513
0.9980319351604315
0.9965455145114566
0.9858833213578179
0.9998734272517869
0.9755103116031348
0.9679231395646708
0.9862820209890567
0.9788735760944069
0.9919458069686582
0.9781233141313002
1.00853719233967
1.002700870607266
1.027013570155838
1.023695574675561
1.022226547022719
1.016950997077991
1.01781741506655
1.033367771822584
1.062717967279808
1.068551580048313
1.093065585181104
1.08824868947541
1.072006298793705
1.06167372748945
1.046014050944147
1.060184925680956
1.080420839777986
1.085669679606927
1.072105993205061
1.046854267439552
1.038655221422857
1.022661092540494
1.051029110087704
1.079576651335974
1.088039080224056
1.106864832721933
1.071531731428066
1.046215409240464
1.031243960480959
1.028034741422544
1.033801464993435
1.039020909562497
1.019811211951548
1.034796536346094
1.028127204032754
1.027830052676581
1.019447453189186
1.009714112414807
1.032662454325304
1.048420038764538
1.028581968801926
1.042702357836923
1.090415294039512
1.089239033813694
1.075174884305797
1.097152937359016
1.085302166045309
1.102087055927517
1.059866190893926
1.080821950131085
1.09771710600252
1.0917081528848
1.079108950977247
1.052296728436614
1.012023125920783
0.9813741115712142
0.9743347230886105
0.9806714612508229
0.988048775841834
0.9948008153602262
0.9797917789170227
0.9913797191997825
1.000753720635742
1.015577312078552
1.018154129212763
1.001464057785577
1.009636871223907
0.9955277500926037
0.9756438793409163
0.9804885679789883
1.013130712209689
1.01725929956625
1.016012513923692
1.012266342181018
1.01392270843252
1.02607201133872
1.040761034872586
1.007958805592113
0.9711006672506165
0.9881871060454427
0.9977762028656304
1.003550368359526
0.9655904284656726
0.9511899824336801
0.9771786204583972
0.9496829109799922
0.9425181523830936
0.9367708478247322
0.9533753526994163
0.9610567255196248
0.9359785585242381
0.9188966839023556
0.9332863440484553
0.9389567948142268
0.9259761390070749
0.920564056211433
0.9340245626063153
0.9165639670321996
0.9058126947692919
0.9006600380002029
0.9211475546740041
0.9065912139093377
0.9154603209945759
0.9312016059873627
0.9535333226751795
0.9498585312718456
0.9289125468372358
0.9347885064912251
0.9520315831536951
0.9466353355195759
0.960442030111062
0.9762527210793298
0.9686574289003868
0.9859972957641108
1.014349854427379
1.008937019208715
1.01302491799774
1.004961924940461
0.99880360639582
1.01653965082719
1.038298345810335
1.028885807253934
1.004183109081994
1.003311454586372
1.013053806261877
1.004771570796822
1.036476930617706
1.058317320945117
1.038819720628537
1.016549389521672
1.016617415850905
1.030278250483965
1.015729719210674
1.004822814706567
1.009071027729183
1.017261955958363
1.007162065501025
0.9968374530607553
1.03440850770757
1.049469128164195
1.030143145876275
1.01727593235867
1.026402111025582
1.012243239299196
1.000160523138884
1.016707937717569
0.9953333356671128
1.008164721032366
0.9843900803392494
0.9980373993154081
1.043518574384885
1.01789642701681
1.019226058349219
1.008694674169924
1.035824310451783
1.037174207194437
1.074730918282487
1.098381917849465
1.117164154263913
1.111054215986942
1.109720818229281
1.094697577219438
1.108132151979162
1.08005072118441
1.063951015579198
1.080700578806807
1.07280337757574
1.04994626916487
1.042375985107096
1.025397744583079
1.007128098925734
1.025584040050078
1.039252924865424
1.064139295918872
1.085402644019848
1.094910167000835
1.064705443364516
1.064423516181385
1.059058801440326
1.053865799350657
1.027092914250114
1.04324198520705
1.032005767740738
1.011130318084192
1.020617167536468
0.9870422097900537
0.9473891635715997
0.9563532428312871
0.9618268486275039
0.9616461898085203
0.9553908997287723
0.9375467501578667
0.9516529788154564
0.9517034070922287
0.9333071596807959
0.9129066123120896
0.9283123085751579
0.9246016877561709
0.925055389503098
0.9428112005568204
0.9405746636150021
0.9437269575879546
0.9242433676154529
0.8998629069295595
0.8999657926212625
0.8833139967593483
0.8717324296795926
0.8944603648273263
0.8969034619325512
0.8953834116321941
0.8933575148708208
0.910968211060076
0.9169041221444627
0.9327432867117387
0.8976925875684135
0.9102827866559988
0.9057344597687081
0.9103555227951037
0.9058370972374513
0.9132037423180515
0.9263163731572305
0.9067479042701256
0.9167162474295609
0.919415898570296
0.9022846494330306
0.9221751454119211
0.9004566614078667
0.8934167793160861
0.9167181018181431
0.9232283267964088
0.9561775198013138
0.9584096039846586
0.962321094000433
0.9538275572708161
0.955489602790672
0.9488451587208042
0.9674563397961056
0.979460159267281
0.9807030796553918
0.9982889182851403
1.005593664869892
0.9968206600043864
0.9623957853668342
0.9633853418304316
0.9748918349676237
0.9728367201358373
0.9659080007947137
0.9775625304002742
0.9839776923013893
0.9869173885289089
1.015160174938519
0.9972820181706237
0.9920009424035751
0.9650445114301139
0.9708961124055978
0.9540326399676379
0.9630526553840884
0.9731479276323295
0.9607068655852998
0.9398085186884164
0.9430550005798842
0.9367598747186827
0.9807275300046641
1.002297313711378
0.9821472214214152
0.9872898546413255
1.002201109710495
1.012317935934881
1.034257236472892
1.025657065333548
1.005938662292325
0.9970506908617366
1.008702461677808
1.00864175646061
0.9901712662844346
0.9671156290180748
0.969590685275063
0.9550150041492514
0.9560536212346281
0.9662965023477097
0.9727975772592279
0.9798587004852264
0.9710679247880477
0.9565808751266969
0.9385076734251877
0.9483050578131988
0.9505447498970301
0.9373443481983612
0.9329796836499374
0.9170866653663111
0.91672195849313
0.9077285412439411
0.9293422147461481
0.9165984672880481
0.9459290123307543
0.9659634118950423
0.9554832763994515
0.9448309470325235
0.9377855415228959
0.952058839017092
0.9595054722367116
0.9519777716522803
0.956113242230916
0.951076983551073
0.9362993565108326
0.9318725323780961
0.9848093615720434
0.9835949551869763
0.9688259792421163
0.9774487324838719
0.9603337362114518
0.9509684320833649
0.9569307301020583
0.9547607168078072
0.9119376820158661
0.9205793329870706
0.9239924362892351
0.9233057948084264
0.9017251327299296
0.9064756430916637
0.9290406959479002
0.9086800128459948
0.9144625919930387
0.9183318085191692
0.9482750048748817
0.9466394675875287
0.9440047513264695
0.9252351037756675
0.909556672064864
0.9276053119221085
0.9466167279173071
0.9469285816419525
0.9419765830939432
0.9527190111382833
0.9610126933190466
0.9689163622645708
0.9727137676488472
0.9871574670526784
0.9663927896516888
0.9423764786195713
0.9269212154867403
0.9154782740204063
0.9352618792507568
0.9363119087903706
0.957972843225246
0.9518522126708066
0.931455166352769
0.9168629831662656
0.9436671163914697
0.930985044361608
0.9412881807043192
0.9262404117569756
0.9300704362472022
0.9366613471859285
0.9792607342068604
0.9659650306281764
0.9709588083371262
0.9580534960760708
0.9855620688861362
0.9875651294679051
0.9627748577488217
0.9730037666855832
1.000986339011354
1.000824833656129
1.012232375250581
1.032071829515077
0.9929539289420811
0.969348517662688
0.9540751537765417
0.9579070012727751
0.9713383710887359
0.9803367486106654
0.9647634697739411
0.9564833694222064
1.000601280648968
0.9884714854333971
0.9725711166824924
0.9784515896407832
0.9832221522824257
0.9661707760465026
0.9556672966459163
0.9555147662842213
0.9260065574013905
0.9425273669781404
0.9432146726179801
0.960058044550316
0.9550751486375619
0.9381111367563658
0.9578867701093063
0.9711939458484412
0.9458699403490015
0.9312560320186096
0.9454467319944122
0.9338437309303658
0.9124149077519432
0.9072592213934789
0.9219292561445411
0.8995527787968921
0.8690939481731146
0.887482785044342
0.8938099337668586
0.9050116958000994
0.9157379776664143
0.9182916561026142
0.9023153255696696
0.9021662805066383
0.9611211659925805
0.971779510244934
0.9623610312567696
0.9498592648581006
0.95207338191221
0.9623410262766406
0.947952430381839
0.9253160776460949
0.9294868280944056
0.9218706063515142
0.9478272713397728
0.9632385853041526
0.9443468920796183
0.9650166156190003
0.9479557176042298
0.9612385559833088
0.9888788249405829
0.9897229582532142
1.001633702719399
1.020145938015477
1.008581160587005
0.9888910590473128
0.9916143392210512
0.9922081249178055
1.032416428660982
1.051638957400382
1.021690628481863
1.02843215707801
1.01602105010104
0.980485320802346
0.9733848406019935
0.9489239090099548
0.9114031999386035
0.9049171160178536
0.9108737876438269
0.8935519863262108
0.8643932548308758
0.8663630863282337
0.8693361796643992
0.8704037176620502
0.8341973269234716
0.8234243440448406
0.8345720753605657
0.8491464900861951
0.8441485997057787
0.8536441515415475
0.8329708749598825
0.834480365751839
0.8118362746614332
0.8338877007767693
0.8449281843599175
0.839282809202169
0.8167575076779721
0.8107139877349064
0.8218058444120739
0.8157890889300334
0.815168325886268
0.8217920193876318
0.8406628622903769
0.8283671107970642
0.842018094631674
0.8269595215744217
0.8258122862740938
0.8305854601631285
0.8509664644183705
0.8675105137262376
0.8422655700394077
0.8620826514010465
0.892853822030844
0.8875140245515182
0.8735964449072129
0.8817205626442262
0.8476357892535558
0.8366045674974676
0.8562678585772651
0.86063972323602
0.8172326398795288
0.8216309101676222
0.8384936858996701
0.8317835793871998
0.8322520269099918
0.8454664435058149
0.8430985166832585
0.8362508444776753
0.853635485922276
0.8420269137836273
0.858740729690821
0.8741497860474658
0.8719572389142369
0.8753314013276976
0.8861836290329621
0.902032578955364
0.8852999474595151
0.870094388049569
0.8735724667625001
0.8608988012779993
0.8836583737395041
0.9147405990489854
0.9316571231796663
0.9210630295950772
0.9509283872368022
0.9555766949823548
0.9373577851519286
0.9383088252325414
0.930643082440075
0.9120021058525752
0.8943831186469621
0.88190678471693
0.8777669509962502
0.8616692147922863
0.8517131594157642
0.8363527003549598
0.8547225377411236
0.8491339059065734
0.8752859894927714
0.8908481802328539
0.8919015087825929
0.8802998697005567
0.8817613033680002
0.9041191336498814
0.8517738532521428
0.8301943116718689
0.8440583322879177
0.8710858311050876
0.8805598276481093
0.8785060047462346
0.8708090996029212
0.8707525795501943
0.8640173181714865
0.8760374155892284
0.8777547638317087
0.8529143829296941
0.8256430084094836
0.8318607005186565
0.8374906253401631
0.8473847032303409
0.8210807971392214
0.8237554001701409
0.8098606542281832
0.8053237135209526
0.823246852973939
0.8236632774219299
0.839122391407926
0.8562139144598603
0.8546275540717577
0.8688801517478233
0.8442096865903104
0.8705820448513319
0.856324491960562
0.8409336112455714
0.8241826749309799
0.8411843134420371
0.8325197750517079
0.8110011327797697
0.8144802031239742
0.8281536051628161
0.8198682357278412
0.8290768966455843
0.8360306342165901
0.8342154938215278
0.7641116745656638
0.7516068119895444
0.7409897149248024
0.7592346055034418
0.7562688030195333
0.7584649894652699
0.7644403981591841
0.7481389753941527
0.738457670510847
0.7292279584391699
0.7687801719057837
0.7507158110746925
0.7773037121979604
0.7670846493804314
0.7686776148783867
0.7588989505319452
0.7679655866427944
0.7802681525129225
0.7960449308215722
0.7791856592218811
0.7808676146792187
0.7888016157020168
0.7534982328637696
0.7585186107019494
0.7894476511571857
0.7898215640528922
0.7860459318904712
0.7646134300353872
0.7803163363130422
0.8200551409703046
0.8241970913237489
0.8114345901626234
0.7859202434698841
0.7802870899484415
0.7847339780281299
0.7972176199797667
0.7978477929543315
0.7884707834986129
0.8086935444733501
0.823624926040551
0.8243931605369776
0.8115095958806402
0.8436990732278173
0.8148860768973691
0.8138206172090745
0.8116528067491926
0.7976473523444885
0.8171750756815229
0.8057113055156349
0.7841965975746469
0.7744895752984768
0.7962759001344137
0.7716429845400743
0.7669347912419764
0.7816606253909113
0.799171182529802
0.8296221648727662
0.8291041427332316
0.8444641487102547
0.8548707746122898
0.8143115065353407
0.8162468148126851
0.8335438715869068
0.8092631902385556
0.7941710950335099
0.7911023889228241
0.7792412536110592
0.7890593241318158
0.7795225410383652
0.7768014205494426
0.7920900137564146
0.8034089884656879
0.8120480763014495
0.8176019478975257
0.8431333874847816
0.8543003412049164
0.8794914499408939
0.8693637713542458
0.8616291140469153
0.8382638828698507
0.8468244361952022
0.8273194700478285
0.8209743941816979
0.8235416922049184
0.8289178422010244
0.8049449351336142
0.8010065576222919
0.7897637879699041
0.8048940742270767
0.8200714123574255
0.8112803466848633
0.8171416595351488
0.7914728058788445
0.7962803723245737
0.7814657133268842
0.8089710213292376
0.8275388570959343
0.8545084132934059
0.8770254348816212
0.8854947816975579
0.8843384864928541
0.8724576186699173
0.8889186408041303
0.8872441876699094
0.8641830681449287
0.8759163658352022
0.850547822366745
0.8487424446558317
0.8090568778304046
0.8246504231600011
0.821332825792936
0.842040494315466
0.8617558100860206
0.8862444412161801
0.8734182175820737
0.866142491645964
0.870412568962003
0.8552726617013525
0.8443891833556941
0.8352783830351526
0.8299435091864003
0.8270773059481947
0.8036182767300734
0.8191083352955327
0.8277910424984607
0.8312122467595543
0.8363985767628198
0.8086638973991043
0.7539151957978305
0.7271586998859529
0.7221503970344996
0.7295884826248163
0.72096237395776
0.7363852112388296
0.7178574054505626
0.6921609508805369
0.7392246643063263
0.7372086761030122
0.7398721433296487
0.7278000319941007
0.7241671644788688
0.7472982994247106
0.7402159669465044
0.7495326874123298
0.7551482840683243
0.7874135542301672
0.7878576973059868
0.7822953149449307
0.770749103633008
0.7508270148061037
0.7662112794471025
0.7772149496183942
0.774341936379999
0.7626662093714331
0.792148918808369
0.7896943285838989
0.8143034950795801
0.8020010673623613
0.7941655492412792
0.7759117499669166
0.7477483632529369
0.764654174864875
0.7499980121952579
0.7370335209205068
0.7107918968223212
0.7046501472474918
0.71610210405948
0.7055343798005241
0.6839882199815761
0.6977510648051386
0.7052155298629545
0.7214578666033514
0.7274481872366163
0.7371731694289643
0.7359268063445639
0.7414968273509671
0.7206519453805637
0.7422536562713797
0.7622358411982851
0.7520429193925808
0.7625649001880209
0.7716765413189577
0.7875951962253437
0.7943442866943196
0.8036071720506106
0.7986957378863424
0.7949857255672096
0.7802353603565273
0.798841725669596
0.8148577446741997
0.8314912647528173
0.8165438745031794
0.8429231836833856
0.8376060508399895
0.8492644986944936
0.8671265416103831
0.8331724816560482
0.8466570036923263
0.8136932977701079
0.8232130665144304
0.8098462781284539
0.8111541273827482
0.8032572265388366
0.8129094478259863
0.8143490863596523
0.8409013534637435
0.8335134759158837
0.826295934112349
0.8236502046037457
0.8261506487949649
0.811587643894273
0.7856726118576204
0.7777261104972556
0.7861346765265205
0.7991035114299174
0.7787290312579473
0.7782022021664244
0.7694325091712733
0.7714744747583696
0.7533203661213919
0.75192046184955
0.7482192218790006
0.7570811531242165
0.7685697962579385
0.7932659315855485
0.7955346647999716
0.8090393759403629
0.8020057300721565
0.8141295638945524
0.823197511551205
0.8057393379085531
0.7855791662164814
0.7873463630796902
0.781127858164943
0.7700959987420897
0.7548792296582276
0.7622646047315385
0.769448247683761
0.7532844919753703
0.7664685027916192
0.7946104182957849
0.7882161966870089
0.8216946222787597
0.8208742516294594
0.8438549910414339
0.8322449356114139
0.8297497860318528
0.8119582036384236
0.7927890760128131
0.8100913559115839
0.8188855346931887
0.8000248560894927
0.7743599718434834
0.7944883428532084
0.765291541158629
0.7617435619279229
0.7775266753772426
0.7952889297709164
0.7873265976541097
0.788142429995233
0.7755542018315241
0.7840466935154554
0.7584641685841251
0.7596565946840741
0.7769005494628169
0.763866688538912
0.7415001442327236
0.7430759244259659
0.7230383737616204
0.7190949680965741
0.714546416145466
0.733389620747906
0.7269739378892688
0.7374043653118586
0.7151762864928385
0.713163238204887
0.7397360845797283
0.7418886281729262
0.7359569257588748
0.7236353679818909
0.7119185028826018
0.6970143113159255
0.6886898520087426
0.6999493973637134
0.7125412577640242
0.7332461466415658
0.7206242624162437
0.7126770820805577
0.7268115854130273
0.7140080464840231
0.707138113351369
0.7026098259218265
0.7091767875060244
0.7378724825149755
0.7513236733518622
0.7454019359817992
0.7627330374918644
0.7727696170795835
0.7436630147912022
0.732302143952074
0.7253355092283906
0.7228059305258565
0.7489269385465741
0.7277659353429258
0.7286458639986417
0.7266935150806255
0.7242514086638016
0.7047453188100534
0.7037641995618412
0.714065127551446
0.698876081680404
0.6677380684443135
0.6667991473061397
0.6605982522691245
0.6771526930392124
0.6749400609206698
0.6711578681281014
0.6631867347280943
0.658146298829027
0.651191132715678
0.662913651584057
0.6765090453517923
0.6886222143683224
0.6976317732071755
0.7057698774704044
0.7149310518163743
0.6942490127029615
0.6906893604262063
0.7153860137577863
0.709949072383216
0.7084297952796804
0.6929005404127344
0.7164744667050188
0.7338595167998432
0.6892594840480797
0.7004526556404567
0.6817925530635319
0.6846040106892421
0.6743140021898399
0.6819542359061015
0.6859349991800774
0.6855183634239495
0.692600747713805
0.6766086715637355
0.6469107996200114
0.6328665411636194
0.654717118220194
0.6355838637116293
0.6532453339158457
0.6637571091701303
0.6626888048324249
0.6596472162502963
0.6742575766285061
0.6602741986300169
0.647372463047915
0.6357913930912114
0.641014601352544
0.6473329896057296
0.6374036185900587
0.6436517804417903
0.6306199812127261
0.6161755072317412
0.6169697546165132
0.606868318185621
0.6285489556977872
0.6385600456524083
0.6640995756498862
0.6499685469132137
0.649738095703507
0.6482983710696855
0.6699358967911229
0.6621551156432648
0.6465729093015624
0.646235215910139
0.6315296035509248
0.63479381735778
0.6662192259859823
0.7055772153121036
0.7297932741413252
0.7130083073178488
0.7065057240966466
0.6927484567944228
0.7191972603633612
0.7277900978785661
0.7536421782545555
0.7387894947799213
0.7355290479861152
0.7533023576413667
0.7224852214086149
0.7406717885780889
0.7522583852323352
0.7355049940009689
0.7241579738176994
0.7385178258382727
0.7192950123812929
0.7050063999373346
0.7480990719874734
0.7436895718311886
0.774961564277485
0.7768253143879467
0.8056701601111752
0.8251007480008586
0.8459941984518651
0.8195657684135439
0.7972662815356949
0.8012546119161863
0.8077622239730193
0.8135342306709048
0.7973896052963391
0.7935713487874586
0.8028265508038073
0.7987449623776277
0.7679781958695746
0.7496378476889702
0.7591872737687835
0.7468619541547489
0.7139381300059549
0.7213607982440537
0.7140876890851182
0.7170676383447113
0.7148420771220518
0.7275710995941168
0.729257156759572
0.7520999460407661
0.7513517561561702
0.7380379830322973
0.7394264351920711
0.7493223053323379
0.7318303089364688
0.7550077917767566
0.7692382667044564
0.7510711071887912
0.7595871575941737
0.7503825264102947
0.7560419121988392
0.754779008367459
0.7846066478185022
0.7723808825486833
0.7714456858547254
0.7695527002012019
0.7723265439755498
0.7774889452215163
0.7964976837331428
0.8014704333725284
0.7971385055721751
0.8180905688083233
0.8419357627633897
0.8287703892917047
0.8314612045839551
0.8352729279728759
0.8520701186067436
0.8600783061585322
0.8664910758875547
0.851006560844578
0.8328961479517681
0.8317352073706614
0.8009470999619298
0.7963244393109028
0.7941395241513552
0.8093376712085782
0.8115738961036776
0.8151358253674191
0.8411917460732476
0.8266242821823435
0.8242693850962522
0.8317750232357725
0.8400175480105389
0.8588114965775635
0.8817678010416675
0.8783221130297547
0.8722720899192473
0.8581957800003271
0.8375762813781422
0.8450789844178864
0.8243520378411081
0.8249526548496502
0.8206928242072939
0.8385792486197897
0.8641374215042035
0.8404790722050293
0.7981944161569248
0.8072954874677268
0.8115786434504195
0.8136406909598372
0.7983842732227087
0.8125413817130034
0.8034126037984575
0.8128057359939461
0.8391240066184917
0.8212376637804777
0.8282746816826433
0.8164825140810765
0.8407225295306413
0.8325769076276737
0.8617671162214469
0.8817909673945797
0.8569249317827952
0.8752869727252646
0.8677503167750599
0.868595931318712
0.8327681044478544
0.8342916670365492
0.8398160404460797
0.8609701477729993
0.8776053900324892
0.8749005370754629
0.8892718014394555
0.890073514712614
0.9183273715784785
0.9047249963565452
0.8862528388636767
0.8897546797272337
0.8761113721145296
0.8876953208807058
0.8830779162740902
0.8841502493019929
0.8608620430077334
0.8571334821060588
0.8755043277238629
0.8811916289807535
0.9236843346403423
0.9267881449625025
0.933660773079327
0.9405859241163803
0.9112522126844926
0.9143803630387586
0.8871070519011683
0.8813776968956066
0.8726978393790792
0.8596938870103502
0.847202241826059
0.8267675828531869
0.8376669176176645
0.8593355505490283
0.8347782440798153
0.8387017518348615
0.8755090459873335
0.8745806192468287
0.873845245287264
0.8950206740528501
0.8808237919262598
0.8893386777161177
0.8732702943735973
0.8923849422681597
0.9688137526183473
0.9671700870684857
0.9662986138233605
0.9555238602612679
0.9621929879335251
0.9698429504307471
0.9451572842005319
0.9256323837484535
0.9306432718975453
0.9337562405359159
0.953139909463016
0.9357091559037155
0.9319916877048054
0.9355204133484794
0.9127121562329547
0.9175717662919118
0.9498840455663414
0.9315313194410687
0.9229221165908967
0.9067494264470652
0.9012201942609234
0.910520710707295
0.8947923345471643
0.8737376009629472
0.8999736328332897
0.9013228266210184
0.8944535855324717
0.8997496719207101
0.9197998239004206
0.9431573386508701
0.91671673300784
0.9169189018135038
0.8960274532215243
0.8803253243413834
0.8835458188283343
0.8996822729724741
0.8875713056308832
0.8788006759171308
0.8835747218417199
0.90002396857295
0.8706360460271065
0.859232225460851
0.8433331538149764
0.8553522197882366
0.8534947352333272
0.8662765823398363
0.8910429742882388
0.9325415758660954
0.9651899527550973
0.9867154700110227
0.9686267818575471
0.963165473870561
0.981534127378163
0.9692305909902669
0.9609363726149631
0.9516965151259905
0.9495926755160032
0.960144293781933
0.9624939766354218
0.9928822162426842
0.9940479992822773
1.00511498206645
0.9910488646562512
0.9813710239740308
1.021390085389281
1.016588021832096
1.039499492588526
1.047906266718441
1.048129706696405
1.065418356261226
1.068658226848044
1.098279122876817
1.06010627676086
1.068525370504691
1.046508661723629
1.054271395000915
1.037326421330364
1.011140080939019
1.007487987395494
0.9967419745225542
0.9826231006552808
0.9982566930106702
0.9887968687843756
0.9970130572165009
1.002649273303642
1.01265733856204
1.030723475405996
1.027488890718247
1.060939674992381
1.055282575143804
1.036777730615909
1.034760036106582
1.016599361295686
1.022093480146636
1.021142391470569
1.047571461506169
1.077431102334847
1.04875434931689
1.034507191098536
1.044223185273055
1.034918166250291
1.050168632641617
1.03193218714223
1.015437069293776
1.02991687762215
1.047224771549824
1.017822480949693
1.018185800295819
1.011603601600444
0.9954664713747667
1.013229532016217
1.026256664616705
1.024095782162293
1.059757374504741
1.074300082155627
1.092919948645033
1.096758644674779
1.093201226793203
1.10071623325161
1.112207090092999
1.051957347640294
1.067129153602241
1.070948409664682
1.07989887493061
1.062745768725105
1.082874046252823
1.084583246063003
1.106427976959849
1.091705086809989
1.063808074525701
1.028945975781809
1.033009007596726
1.032013577699521
1.024221934291904
1.013064261750272
0.9990692132632049
1.048002087779873
1.050099716180847
1.034458240774691
1.043105336709907
1.029055172602493
1.010924131301436
1.008506184611747
0.9925885657989509
0.9905825959363825
0.9935485021801962
0.9707991416943385
0.9879148898707273
1.00164308269637
1.001551057794857
1.009652485051944
1.018001964650566
1.018033424302698
0.9916577539855959
0.9838766529514918
0.9749870299086624
0.9698689416174282
0.9863251242810487
0.9713544280426717
0.9572892601079154
1.001112920470786
1.002261579518251
0.9966320433765589
0.9938568304403216
0.9745939776618154
0.9628392894237072
0.9927391522344211
0.9950265031737401
1.003279112672463
0.9769542511810615
0.9791374278711827
0.9859010215308954
0.9784812503366693
0.9807793543331688
0.9692656739574267
0.9954644337439232
1.034127374095308
1.024416417398776
1.059719643978873
1.047171338090232
1.049884176106769
1.065055211222103
1.049840811910556
1.040254903874545
1.026089366019701
1.005844339301101
0.9886098006572895
0.970924446283164
1.000624013877355
1.017731730825655
1.001574853293145
0.9581024398015561
0.9294477417668158
0.9424148923344874
0.957643562452284
0.9389582224053068
0.957506815740413
0.9320356464085127
0.926909364012343
0.9341570481557778
0.9167815727826651
0.9226147734337466
0.9298145647685001
0.9207422370598843
0.9152358478278138
0.90524327636805
0.9383066917700434
0.9357213093627057
0.9709293877052213
0.9744027489978893
0.9679175637341588
0.9597487984091286
0.9845563288102875
0.9696175141882333
0.9760367306997779
0.9695280530991881
0.9504690733311315
0.9571424318306496
0.9651535314045346
0.9383226769867944
0.9102906189615294
0.9311909965869333
0.9093878053512574
0.8916313150040959
0.9212843483131168
0.9190066510339532
0.9092426856739613
0.9161268837880246
0.9519633246045534
0.9432098227991187
0.9288353422778132
0.9507396425020114
0.9654067855387428
0.9706948624682289
0.9693996046476903
0.9586682182256154
0.9958983712731518
1.010323809307448
0.9856277687037348
1.000992200613062
1.001774549394254
0.977648930302169
0.9849387332037864
1.004180986459309
0.9911422778048733
0.9813257582187247
0.9838060808456611
0.9788791146514046
1.038623153571518
1.032495142535192
1.004102485400653
1.006611844468085
1.007805529458347
0.9837623739894219
0.9841870558797918
0.9824358260594181
0.9834354838988068
0.9769659245247394
0.9775576349536944
0.951421212880498
0.9499043930908143
0.9514030607181037
0.9434327867068899
0.9258011343947575
0.9611910873508805
0.9934172985814383
1.002558175116596
1.006743506310884
0.9957695981769221
0.9907906985683649
0.9735249102314893
0.9782603529416761
0.9857290160911724
0.9795884250277318
0.9715769107900817
0.9367698424656751
0.9306531026971439
0.9415141822746126
0.9486660578437777
0.9391526556783302
0.9187943800507543
0.9068248614979311
0.9229020782280769
0.9194995452164053
0.9437551784466717
0.9384440803631579
0.9020500274639339
0.9012225468795594
0.896149080189711
0.9075945257493464
0.8762485077619377
0.8978698795478359
0.8767673159988061
0.85871500740385
0.8410873845361051
0.8621525267290596
0.9016612644177729
0.9284338180675601
0.9075951855495596
0.8905355299778754
0.885732584117614
0.8859590079956416
0.8967705203305039
0.9015249868325397
0.913675156808464
0.893546788633378
0.8952893161350546
0.8754709237665541
0.8956793444701812
0.9129751150895651
0.9226520886132588
0.9513309010795429
0.9613275877627454
0.9711093711186399
0.9434081344843298
0.9684691092839385
0.9486976280332009
0.9389295287768665
0.9664732659923216
0.9745421163791788
0.9641316660626619
0.9705390657154004
0.9459366206253097
0.9194395681461235
0.9271716075871717
0.9465112153512426
0.9780445525770429
0.9653173096916084
0.9476502375951557
0.9520461463635892
0.9631082772843728
0.9654578823652118
0.9473961502342364
0.9355914913483031
0.9447966890421698
0.9780199293014648
1.002664663904046
1.015643077884572
0.9971222204346911
0.9872637122671113
0.9721503220929533
0.9809564004865458
1.001793541365249
0.9916622985383799
0.9894851292956104
0.9902052191354997
0.9780327640667708
0.9539205669443084
0.9360490629773535
0.9354302358765358
0.932068464981314
0.9415737299689233
0.9261875260459406
0.9354150566424984
0.9205544120880061
0.9263246138705592
0.9546402026265161
0.9456138922507596
0.9399630167094908
0.9173674564794598
0.9135578545328711
0.8956718652733229
0.919611054039318
0.9417520289116613
0.9461319258752212
0.9370546545019384
0.9650043950017196
0.98166406409132
0.9752208125772592
0.9832344211414162
0.9770568995460287
0.9732234171651194
0.9972285205969558
0.9995352333706843
0.9677293143243643
0.9827016495976771
0.9603287936559668
0.9541980870330793
0.9736873069417796
0.9641701287579393
0.9612254555950382
0.94163900187175
0.9158400779605201
0.9112918330959466
0.9433648478755257
0.9444449524891778
0.9775122662447396
0.9673588006834346
0.9665274198298669
0.999494238834563
1.008651931789014
1.024136740957197
0.9869503158382646
0.9920412958713002
1.002474569803175
1.007717128876898
0.9964869691702963
0.9778578795396968
0.9935872341415389
1.005128442210714
1.038671102248879
1.057866376745169
1.090079589846056
1.064011701002705
1.042207768913811
1.035257804273591
1.063297332293211
1.039553341689206
1.016099757405116
1.025602147010394
1.035490386556841
1.053834653350338
1.028665568188252
0.9946541953233793
0.9959668211051325
0.9835961410654831
0.954086500359857
0.9598500511228183
0.9678838514903536
0.9932039590015337
0.9806270779700695
0.973687123715637
0.9886821951608854
0.9922869577276523
0.9484381169211454
0.9263191378519552
0.9489313016082668
0.9441384174618203
0.9555715316663301
0.9650448487741536
0.9519506938079011
0.9551584874119011
0.9953559835370389
1.007807055183564
0.9955042779335498
0.9710893573211431
0.9864958338594092
0.9733786398141717
0.9670653609679389
0.9700322438041653
0.9865334385555727
0.9660687430649665
0.9557164792513754
0.9702672939107591
0.9882861899284721
0.962711229293167
0.9345722126740413
0.92822656859255
0.8943307763007646
0.8998266988382501
0.8954499966447069
0.8939413321686972
0.8998196760770016
0.9118438913768635
0.918653022618005
0.9143912147635721
0.9357728082786463
0.9236040362150606
0.9245956453467908
0.9103336814464648
0.9175438294030044
0.9316463623318245
0.9322786893837545
0.9477082968137843
0.988107452045796
0.9791486553552481
0.9739830186346804
0.9705160930529951
0.9703704711129818
0.9556012992697102
0.9477569201104689
0.9391041154159858
0.9116815495043333
0.9191627980033393
0.9414847405448916
0.9246125568811276
0.8969759482672501
0.9110682805585933
0.8976018128340167
0.8713834281198855
0.8774360839230494
0.8908913610323963
0.8936744233324196
0.9015215679122802
0.8852354096052245
0.8919260757825126
0.8826488312144578
0.8855423743667694
0.879462655005848
0.8865370916732235
0.8685012767280134
0.8710620007350873
0.8778999636579289
0.8826789414953449
0.8859779625371637
0.8987619411942799
0.8954856599992917
0.887138322501952
0.8704407221668807
0.8851410942267603
0.9101795324242294
0.9284234033294171
0.8867197327545591
0.8993490147340004
0.9082326712797815
0.8988998263042045
0.9050896349468119
0.9168093162661728
0.9179932145119771
0.9036908675547924
0.8953015178682258
0.9078627577656712
0.9354452970314089
0.9432531771981896
0.932672798822042
0.9065519496220932
0.9260816066051742
0.923384913033571
0.9433371504692279
0.9314680214866087
0.9247574106893115
0.915193597627161
0.928638705893047
0.9253748322105761
0.9310325377833497
0.9146389973143214
0.9158771954889919
0.9036047077423474
0.8983505867693162
0.9075256907513942
0.9059478302958524
0.9087415934347909
0.8791888605785239
0.8872081135411798
0.9009095810010493
0.9232418643002445
0.937987089485522
0.940874419381713
0.9323360851345891
0.9247109014805259
0.9228233953884535
0.9254931867149496
0.8964084893795546
0.884272454427344
0.9246666300673808
0.9357772909035892
0.9170646277445733
0.9380804142848471
0.9278531804533525
0.9314525580792813
0.9470205715112776
0.9268223596964629
0.9228319276739622
0.9137622281927726
0.9292338103096666
0.9318181745682086
0.9071432839779892
0.9052793832404392
0.9236298947479478
0.915294799217838
0.9433316769247065
0.9580791318872438
0.951885153612802
0.9265596921378192
0.9248315549533781
0.9291812108755808
0.9046639862884946
0.9017507648347848
0.9292432515482646
0.9459841868274156
0.9653289455774575
0.9482503282434283
0.9452314682031259
0.9695091122853929
0.9712048098565342
0.9877739242058097
0.9388484845905767
0.9306987099644597
0.933114462796625
0.9268352885371565
0.9301845370224572
0.9264355507795917
0.9372837209739213
0.9378862500990914
0.9539988452546754
0.9407762667446574
0.9563586818063394
0.9774019232003385
0.9480326691609943
0.9308877100338684
0.9454077393971849
0.9251387867537976
0.9150832576823443
0.9063472059850211
0.9039831453908083
0.8875579919451378
0.8937562431826991
0.8872092574639054
0.8653455411295772
0.8851283585271825
0.9257614315221401
0.9256411248714447
0.9192341019819081
0.9439067752312278
0.9323943727775841
0.9630769835634446
0.9667835328863376
0.9946744136530297
