-0.1471470837235396
-0.08496734241379333
0.4738705717678493
0.2998230132590899
0.8980111856948084
1.024387223557748
1.077537140751381
1.042066776036504
0.3316692944699265
0.7539604502384296
0.8037192001671729
1.329173729985679
0.4542798132974338
0.46063623355516
0.2812697177481727
0.6977843764478404
-0.4605533150383889
0.1940258741709491
0.4247120876255895
0.6630502351265088
0.4755086896072812
-0.002691839035532606
0.5011986744756076
-0.2470186868745119
1.156147700474113
0.3041176444564311
-0.2292409868882428
0.8183686135843613
0.8517768611070881
0.3888252796819233
0.9214108080314294
1.725814589167446
0.5470692799627312
0.6926369267339643
0.4004173313652617
0.5836612941070192
0.579519263301292
0.712346573596045
0.8953806820042909
0.6511005229462481
1.285185275237833
0.2455146277902945
1.123406591590503
0.7660469788534003
0.4740243192325089
0.59644504858234
0.8587814672689165
1.615030220112932
1.120071949619931
0.2593985082581084
0.7771955334333444
0.5454710601842063
0.1036248375499275
-0.3290734860399116
1.064039624326963
1.110574113291895
0.4749693447436311
0.8752504818267888
0.230369238349556
0.6228574065735915
-0.2006230182138755
0.1728875005029029
0.344276181992208
0.1710563983683066
0.9887472141423821
0.9504404719860643
-0.07630182327916479
0.5422302403467663
0.160469230776782
0.3232302959031409
0.6404437096596278
1.010643726552029
0.657292050025258
0.7085239464588574
0.7834134439238932
-0.1151424103041407
-0.2353385535905206
0.6144759395400956
0.4819078774426355
1.115362014438561
1.307072101880532
1.263412620347957
1.135154831498045
0.4406264073276815
0.2797508403943803
0.1024332776679385
0.9749497092140906
0.06579675254706707
0.7965810976829821
0.1396717160440998
1.66997459430315
0.9350037926283209
0.6746600040804884
0.4242469751974394
0.7437395741302596
0.92024342179274
0.6480520092874166
0.8179272748809551
0.09040166980305475
1.97356676987042
0.1818360557985105
0.5924237578035871
1.129932550934944
0.5684414582799402
1.186034949441448
0.5584356816950389
-0.1257704128499872
0.2720554120834467
0.5635256922468566
1.821806614634257
0.07447238418369784
1.753055117568913
-0.3707615249151877
0.7511941257334296
1.295225456799924
0.3296925371446398
0.4394253015772068
1.497759937123743
1.140436388380802
1.754759480935361
0.4058766357432745
-0.2231943472423887
0.7756993260720521
0.2405461612201023
1.232247667363877
0.4400728652359747
0.2905748605299298
0.535987895934023
0.3656131279631436
0.3368040026853326
0.7033729583148458
0.5856474907949354
0.9482846500273096
0.01193993678936078
-0.1906171933356056
0.1310370912252
0.7073143485811983
1.044309551213906
0.357473866403722
0.08937158406462153
0.2702777602930678
0.3056412888432445
1.377801126358155
0.6657338363587959
0.03571148161268778
0.1019006004905095
0.3825667419845395
0.7263439115875125
0.07474056865022516
0.572901056080775
0.9872249485682816
1.397478047119155
1.214056700180277
0.2072176921869908
0.8902115177063872
0.5351358477481839
1.146636422992659
0.1784733299319653
0.6103210906217682
1.16437052098637
0.8007015449239155
0.443507599127569
-0.1636540715532107
0.1031439678443589
0.5515830750444597
0.8518323918857356
1.165701917123139
0.8435381941805258
1.019615069198749
1.121580996579794
0.6912842233421435
1.164471737033643
0.5116400164739918
0.2955164505300708
0.7885175711609022
0.116486512829164
0.5943567663622034
0.9891726808126321
1.136041376652719
1.82373007825577
0.8992912303699021
1.004766364096344
1.518148484563477
0.7287477510021236
0.5802630069761234
0.9696699459441193
1.869442949030633
1.24009038750537
1.067593790085229
1.490285496866236
0.5098362982131046
0.5737182671920973
0.8166984281076078
1.215889232763463
0.8454776282316185
1.352298080510128
0.8082987371121748
0.7432292044831841
0.3607097237633473
-0.4215538730991322
0.8650614123849434
0.5662975123722861
0.9481716246707819
1.034571240806477
0.4833950379957807
0.8543419862775927
0.272115324772675
0.6050956137856023
1.150881569735216
0.492395874056151
1.270732780183717
1.179375437825808
1.25462081662073
1.320920366252682
0.8281664696388067
1.318008358938043
1.266817401010873
0.7491831576209218
1.651262907787892
0.8023379438599032
0.159596374452175
0.6448228558879543
0.760212777522316
1.268218032448744
0.3695621647779038
0.104763449956105
0.1993331114281397
-0.1892588663883086
0.7560281143331788
1.196651982069842
0.3271866279304104
-0.3643461999194821
0.168201328216369
0.2855974363773179
0.5596988672349652
0.2718453253246121
0.384145132782494
-0.05633748029953645
-0.1069813254223664
-0.3998744291245313
0.1875623904646225
0.2242638144059748
0.3945653631792222
-0.1284196257467434
0.544882986065311
0.2729638423491382
0.4445996137245913
0.5117182272916145
0.8624831417246344
0.2163218086931182
-0.2110141155643981
-0.3800835117309307
0.7985246158782892
0.2293843763303985
-0.06178710213937366
1.272377135106895
2.478343811779713
2.952169617333948
1.159431681396792
1.990526009960743
1.103833181098926
1.039845815215003
0.8481229713910852
1.089734737120598
0.08110374947648413
0.6161938840484038
0.3105581231482551
0.9873827590833397
-0.1531815133760783
1.06949874222634
0.459806224767739
0.78405992843896
1.068995247679716
1.294817934196924
0.9454917233703919
1.184612971564946
1.011207189720734
1.105969009617312
0.9352745170239766
0.9089367161244295
0.5156734588645228
0.5248959272469892
0.8481900023388818
0.249902139571006
1.487898116555636
0.649645773329584
1.300408840532648
0.6479209824042236
1.899455749871928
0.39816287249916
1.953173062335429
2.181435837780087
0.548920607685951
1.484810550162245
0.2075159735964442
0.5893344831832784
0.9074072323594295
0.2962650647818862
1.959070144516204
1.509393376606913
1.341732753862869
1.302698740446325
0.5927519994035382
1.10757828312202
2.193116747643871
3.730862695680712
0.8466492669178629
2.070343077248247
0.9795743875670868
2.418844291613663
0.3451138757077352
1.466687230902628
1.704874853870046
2.853667581940457
1.108966721000214
1.222692299943816
1.789713835692776
1.735825363641609
0.9350589853752997
0.4994032742889091
1.090083712739484
1.088560712783878
0.6628774027955225
0.5722092207912568
1.060866607184624
0.9331851852615586
0.3464453339089392
0.1370241214360096
0.9691742725045904
1.078193365941493
0.7500396036128925
0.076250470675013
0.4833586091763438
0.2742928432724178
0.7842526742290169
0.9790582005023859
1.212134681077949
0.5598889960986539
0.7727243915788869
0.8351251348506583
-0.01339111638239854
0.03143497626291913
0.5953914882405531
0.2787739942807235
0.6885774847365496
0.4679588459058693
0.8494114443541559
0.0913463037606983
1.031664324432508
1.108714351230097
0.5682807471537763
1.305748925696478
1.665556359942275
1.508359418505877
1.369025915342192
0.9929935704430456
0.5038217528193488
0.5933780165557627
0.3579120250375243
1.000479874190838
1.117119187945367
1.466147048877734
1.439485172345697
2.080242919363582
0.4177739904305124
0.7550723377105339
0.4333602920949128
0.7005172504893948
0.6292152845045422
0.6307951879748508
0.1190569794537861
0.9003650378472476
0.2404032302227781
0.4522442649263207
0.2201031466432394
1.176848562510058
0.05926727119396435
0.9654052358981999
1.382932942089285
1.909074626019954
0.6672225959182962
0.4201476108618063
0.1841198631754325
0.1968357183426743
0.2275487174855112
-0.1678552179711517
0.3871641505622802
0.7294816682189555
0.1787270676919678
-0.06970571930835456
0.3945847449607189
-0.4661828948284867
0.5865816015353678
0.2065355053649383
-0.120005913389915
0.7808694632988044
1.411460703265367
1.581038932683275
0.7964791159136233
1.224231330338104
1.106624285600249
0.7519386838257612
0.7384236845627474
0.4639335779612137
1.034078488960408
1.297212128765465
0.8203205060081831
1.032230927975424
1.055685836164144
0.4411627623173422
0.8784823311022661
0.343841725895353
0.7247390955093895
0.7305257261790481
0.5755840292214419
1.068742466073642
0.9937189525144846
1.284298826492047
1.091401892268133
1.695991378171724
0.7476966897521501
1.172423043198675
1.128710289464177
0.8600343292127641
1.274885923573218
0.2826136956386553
0.7877448871997161
0.8093102442876641
-0.05396685794804434
0.7461529281214891
0.9687886712042472
1.564108359803642
1.773027718896369
0.7881121805242417
0.7919032045019047
-0.07429371304288956
0.378356311180291
0.7894781723015609
-0.07930142834098741
0.5959795621791112
1.183161268728959
0.4281995489625643
1.278261556368306
0.397745772535541
1.293862765121786
1.187118287222242
1.2442578709091
1.412640272835086
0.9052087220783195
1.01979621552062
0.2487841667037605
0.861747514430742
1.332151261320258
0.7812348927109101
2.293208636251285
1.404850858135584
0.6922594456412121
1.027699671280213
1.078668555938155
0.1570673954760232
1.33896883537701
2.372819502539059
0.9521331405906056
2.127888269345332
0.5262280271807438
0.679598235499937
1.104001744389703
1.352746201996319
1.073368634245804
1.217595394243174
0.5140876066514981
1.299368409474233
0.8400352203431485
1.096075361381536
0.6251899561323347
0.6972131854445305
0.7368872966966119
1.3769780567455
1.860899633237382
0.3417764478025744
1.100775988588593
1.744405866792183
0.04053865730468731
-0.06804268180786388
0.1635905996439495
1.042249222808162
0.8031155125252466
0.3605375621933679
1.074806215918248
0.378176118337094
0.4175572366435598
0.5754385028336568
0.3151986825846033
1.02876261835202
0.04738689572278132
0.1940226555230851
0.1639077850376063
0.160336823706832
0.2475795205586159
1.273552752669919
1.704211883639949
1.273509594956272
0.444428890724706
0.8896136802713356
0.8127622246966173
1.212424856481008
0.2440355817768799
0.2442864632434807
0.6114133106334441
1.109484371415884
0.6911947073720648
0.9324199778510394
2.317996346715606
3.695321975507694
1.873172054272635
0.8455974912892451
0.9935109205334736
1.435394310743507
0.5679603125432373
1.455806478126276
0.1980127667474616
0.7423391906414738
0.6412089367487936
0.1306686932302943
1.588928777977245
2.457107483061207
0.6885205654164819
1.582609342086444
3.464497382627431
2.297244592078744
0.4834565724363284
1.799363781885589
0.05206496040809427
0.7971540645021411
0.3514035610205943
2.052908949822276
1.333406467432546
2.799807851373249
2.941899856442553
5.58025698774029
1.522456841697001
3.237253233515019
0.6275182786000864
1.397624335512245
0.1737709693493831
0.8305601196201459
-0.04047540796107207
0.2219033873942935
-0.4609994832328907
-0.2312700907860725
0.03260141675674288
-0.1529912459317448
-0.1716787306570979
1.08930669535852
0.8267948295044616
1.736981705025805
-0.3504208407811766
0.6749708198683542
0.623364354710422
0.6902889699717094
0.3467660638989508
0.4615282116627526
1.697820822286482
0.7156528066995936
0.1551408656437196
1.129075342049236
3.279937790762407
1.582278213301855
2.053567917329772
2.048461348173074
1.745274859981342
0.9375106534968817
0.7525300301726493
1.383836461663046
0.603661230881797
0.775304966048871
0.6146764702596043
1.211569977201889
0.8084370373364662
0.9048418488806754
0.1157123876800393
-0.5761854567887665
0.03030072836077646
0.3124227121662635
1.775272105768761
0.828398153530715
0.9583894684542634
1.078432982826433
1.288427262469279
1.153446023975117
0.7505476661987102
0.06791471257943549
0.7465020641614097
0.8804820604617702
2.035592750140609
0.8504363857684701
2.03307066041828
2.080690597992819
2.296547297004334
3.633482679063524
1.275603845903699
1.422594958573716
2.074657063645617
2.386412504881813
0.5766751445386229
0.1602017499378199
0.971553666602196
-0.3794433379415008
-0.1185456415909556
0.1953758084440418
0.03717075250198942
0.1322491440633333
0.1656633893416023
0.2570440727080083
-0.5598712172375953
0.09684742408704261
1.2645693023491
-0.3511533896869501
-0.02469201085547845
0.802555269386815
-0.6663169878380393
1.318190614181721
0.2933876962173165
0.6943678654045902
0.4399732020800781
1.001154073987181
1.154145608072535
1.254644371446683
0.5983305989506988
0.8850411204875086
0.3711146029979588
0.972999338848036
0.6261800634108232
0.6817609783546135
1.415900637840138
0.02015936207819702
1.122750582863198
0.5688939506665661
0.8648190513751662
3.01164195894177
0.2342994763165491
0.1930585059698793
0.3552858887961264
1.249826268163105
0.6333137816112459
0.693409139136326
0.7501653871095501
0.8127038642259237
0.7984581147425465
-0.01171138006181005
0.7909749182686695
0.6322799527379963
0.8369258641047561
0.9081518901829978
1.313970942249608
0.7304740117725999
1.337999151036719
0.8320575011206188
0.1271559434218452
0.1841648788961473
0.2363640204005136
1.267196323583366
0.6075601992443309
-0.6931901298377916
0.3495400515712244
1.477324813077225
2.113314773201927
1.093100007419643
0.1312636792928983
0.5872716150162235
1.55738383380143
0.7611100948656406
0.8181725080352484
1.393876039838144
1.239843527373854
1.104771473294513
1.476042450908157
1.347079415000314
0.6486563250278434
0.3088549906145807
1.283314460226947
0.5757815796048851
0.06438228902322374
1.162995193069582
1.020882693732892
0.5350685819918075
0.3316631444864765
0.8456052350215103
1.399981677913247
0.09550664970896117
0.3713047010631149
0.8719802906820057
1.709154737811904
0.963249825602308
0.2745749709080668
1.430393277910282
1.229594166992373
0.5277342695847773
1.108990509700526
0.9577690739724825
1.947355660773086
0.9308049775621522
0.2703795725073891
1.349844850117551
1.421686272470496
0.3246021492783113
0.8828958858190377
2.027303658039566
0.4549911462296966
0.5513292494719981
0.4700748519524663
0.4870964303281428
0.9032586643863376
0.561948684101951
1.542224231882057
0.6215933492569468
1.922096880527347
1.261331638821932
0.1797198996048981
1.51644456240409
0.8270322234782503
0.04589895930971455
0.7958844403137546
1.361163449028495
0.4938788737285034
0.2505539744854124
0.4273663258838856
1.012117422132416
0.2613778384043886
0.2957811550941112
1.37291405091936
0.845241309556187
0.07529252952597876
0.9079078706450303
0.497984937191581
0.555749972290569
1.929447613508529
2.366459314954351
1.396632109132159
0.9389762377671602
3.1565506731626
1.640195907521883
1.716863207157227
1.08701426734462
0.5626047533067623
0.6943811601918171
1.012100976056715
0.2475259964518058
2.6886667352153
1.16808760513899
0.7135259920399191
0.5320752154477988
0.4953837276096317
0.521986168774861
1.024358709272522
0.8865779615417119
0.1909475286177224
-0.2276373368593558
0.9285830690158371
0.1615426003303151
1.379670756239475
1.128200883109042
1.323977536943101
2.674808402088932
1.23536047907949
1.604660833313109
-0.08590393812347585
1.05632288148839
0.125401695571688
0.8450468298480036
1.024250433502021
1.35606685405834
1.179454968441612
0.9379973397929152
1.27688560441466
0.5619745343953282
0.2416215257618648
0.5777508950395251
0.6170003402271922
0.2905598946728106
1.275446487407202
1.261643323353643
1.645167230693312
0.9959541231750022
0.316279547238158
0.444682218143006
0.7965589546100496
0.2154976885634912
1.006792582854678
1.015729963938397
0.5857768931632589
0.6514097425523979
0.5253255978604555
0.5295498978132034
-0.4159337474437976
1.909788213573319
0.6448430364382294
0.4042894369847165
0.2760482752212821
0.282587866460618
0.7757130440240565
1.456161971147347
-0.07373879380161275
0.4494188251009722
1.280013704985808
0.4659276377807411
1.589768500315081
0.6897071659937761
1.588110131056964
2.97359781509982
0.5746776458001031
1.88773564582303
2.34813579097327
1.197835648954452
0.7951903940977669
1.348922076957708
0.8286117265877236
1.421843658326792
0.484793905972253
1.319973400669765
1.472209112259528
0.6006387425957522
0.679177395578911
0.6658689946735719
0.6633165626985468
0.2624418134619452
0.6034085921870589
-0.0404781342640339
0.7426572140452503
0.9244380986452267
1.454191268844257
0.6452720361420796
0.3830072426452857
1.852489426470231
0.968186621926492
0.7317757352504135
1.421284556008479
0.3658052070081675
1.223280147073178
1.132520559049481
1.728530833238412
1.513019683366267
1.540202751361748
1.460686858025064
0.9181001616884056
1.141956986989932
1.28940971667378
1.313242234329118
1.288537566123333
1.446292487728384
1.7136803022961
1.005393700039886
0.9015710195911553
0.5905936073328948
1.585274567806554
1.190781832331839
1.869838013185203
1.118338312441477
1.44198033367876
0.2019245368340897
0.7880815006826725
0.8788411782950304
1.126312697760179
2.045656710003543
0.4033715121009755
0.6321705659843293
0.7284344935170235
0.7934269848511094
1.322852841417425
0.3781643014773741
0.09381507692135038
0.4458792268665489
0.4231277279811695
0.8303041713346336
1.183556609630637
0.9186173236224917
0.1597107077928602
0.6737130186063371
0.7658098511688851
0.1643206606880088
0.5703044116468212
0.8705622692857877
0.373724973742023
0.6449758972114046
1.554930773253945
1.524654776045218
0.6920794252086397
1.652961515348495
1.127099097861769
1.236916148787608
1.141085987452563
-0.03651314264396643
1.14014856384076
0.6488559837492125
0.7372735396348346
0.7818114295883031
0.9164253254615858
0.8946636502247657
1.255512535159749
0.3622763735593697
1.612826608770548
1.734493474122193
0.9532445676648915
0.5426764612915512
1.049397165441704
0.7628377761986828
0.9057259043637766
0.8075898961866939
1.847338040769323
0.7521460820402953
0.9942336383617333
1.236840120739917
3.174390173492778
1.554198764050919
1.183909686057984
2.271535206312768
2.307329312623411
2.338992881948539
0.4281262330348675
0.9143504345627258
1.745300738766661
0.8286731305110115
2.335342906813974
1.748199499984255
1.072699480170361
0.3474866478187235
0.3795209865545575
1.559700208110973
0.7703276070544457
1.563963685536168
0.6859547258310708
1.215657739489362
0.7574906954683559
1.536066884677631
0.6061819328804492
0.2770508016290149
1.274736011274098
1.244002188906324
0.9153576681633149
1.351911510289555
1.492738248066907
1.82698027194785
0.8996073431741044
0.5944041211511326
1.609231888112726
3.004347396607341
1.860713664156604
1.816182272231661
1.075313726136463
1.448449690547709
1.813384858126596
1.230388147674345
0.9060799882196703
1.497347169014418
1.283363825477721
2.450684387787765
1.190058588315337
1.707222204535309
0.5577334806066476
0.2397592589377859
1.248650810205177
1.327402608156321
0.7177679694938163
0.6487921492764377
1.324072204247731
2.316390729399788
1.174422488466616
0.7637645693810102
0.1691161577333161
1.190162249402358
0.5485462411435988
1.20783899336201
1.184043212126787
1.646818231383275
1.018353030775442
0.8476816155802736
0.7685731868136157
1.197378597065443
1.609803014176493
0.8117154320042065
1.220453820132632
1.18653020308391
0.6628705279300893
0.9500632164116771
0.8471654877044011
1.444919698047982
0.752658417326444
-0.1628951945474271
0.5917465645312407
0.4967757587220157
0.4906890435391377
1.439982781080259
2.453051963805327
0.9038434631267863
0.480656440205451
0.7145408296995299
0.9510088060901958
1.528607077097382
0.3864386655955919
1.387599557841555
1.634977471868826
1.721244425730527
1.511920497541228
1.448650788331364
0.6071705488992335
1.231282954064177
1.017706212360573
1.338931805908477
1.047315781525854
0.403301249763051
0.7885419217302407
0.7874798102233183
0.8714450506636416
0.9132376211622955
1.020769613154172
0.852302414667786
1.118185936940785
1.147941800716792
1.034651535285143
1.712479422925407
1.03084775277482
0.6961253075732243
0.8188024744104955
-0.5344988311041774
0.7020395242207268
0.3641859675375735
0.6226744832500686
0.4468157706107601
0.9497521392428852
1.021769386702867
0.7595174207660789
1.33902353103889
0.9362276582736753
1.010684752082371
1.074733554299923
0.7405117021489288
1.143469335375814
1.286415952794012
0.9156765205940379
1.236493001675738
1.658753169499424
1.919657119676956
1.100024693634669
0.3473692958572762
1.089377982734622
0.6362269703078423
-0.1004834965547681
0.3411230561356944
2.747791907957731
0.9779843551932437
1.640190059440847
1.407192093370416
0.7310749743406323
1.333149966750196
1.831158634766562
0.3033402185036216
0.5433517444559676
0.8405663029339401
1.829602765605653
0.9922019850585658
1.403440381025361
1.460129250428114
2.783511237679948
2.403474576253462
1.324909488051804
2.275991902693208
3.228951276180605
1.56559878218942
0.01413280334582989
1.024110026087478
2.093265586854241
1.72617001765669
1.089685741763151
0.8618105036966919
1.469806217294435
1.731878618852036
1.128946656451209
1.906317254473914
1.42134546989039
2.230089897451164
1.768866853231207
1.736478335635772
0.7025695810373543
0.4048773741287603
1.148869008902768
0.8422550808324902
1.199127754303181
1.35465062742442
0.6844674295901005
1.177436208252349
0.6291452328663834
0.7836453563781363
2.052061078992993
0.9066828491677833
2.773375621036289
1.362376909398707
-0.02454330476302236
-0.1657305660373829
0.3934730580877615
0.6819645640869555
1.124376479111664
1.970088655124612
0.8284594150158995
0.8818017485761098
1.772568762924764
0.6417045923902587
0.9222225386316363
0.9976097761336049
1.67160962406936
1.257014028725173
2.47277058409141
1.994078890300679
0.420299997033257
0.5235881862549323
0.4343859824536458
0.3935420498162562
0.7480781752879992
0.7290475721586605
0.96745709262901
0.08558787511914323
0.7530142105018459
0.9344130886132007
1.533723995906111
1.474868712573942
1.315757348012197
1.126283080904199
1.43698206548817
1.389161696727985
1.80798678295691
2.008689338901306
0.9066139626847842
0.8636498408128549
1.644190685218543
1.470926369434103
1.463182478050656
0.610043836850708
0.1597891085781723
1.305740821411664
0.9932465121775037
1.213371783824752
1.309305334996263
0.6590633147665861
0.5935214358888891
0.1335137319269344
0.5089451368129388
0.3473566541111535
1.425354261608063
0.3540176892060839
1.251504198302037
-0.04233331067771373
-0.05279843967598352
0.5666197359119095
-0.06766954176416862
0.7982488145337299
1.603663515450341
1.418800224715097
1.502026720426264
1.65420885246682
0.8585292481610158
0.9703373104938771
2.068276423557167
0.1012834671308223
0.8037043631631505
0.6020247079495435
0.7578043344852692
0.8389688951623706
1.027903309462649
-0.4351942577425274
0.486026793860592
0.3964807640260701
0.4015173835042246
1.110645465993276
0.2433037947105432
1.884311372475246
0.233287191284269
-0.012274452790626
0.7126610422300739
1.215968841940506
1.339915644960115
2.272154308261408
0.6311174961343768
1.655161608888997
1.572996318166461
0.5679346742312095
0.3157411340231362
0.1428391595158454
1.329416640698603
0.7852533560641841
1.019556217732454
2.349269951001409
1.449000205171494
0.3247222711555502
2.206808944716567
0.567389759849332
0.5744225714936011
1.393064852440289
3.169567920430512
1.952172409540955
2.384880468539928
0.9383967234179054
0.665737347961163
-0.07055477589449866
1.027190697093855
0.6293390063745303
0.759822265535023
-0.3806725916235878
0.2407864634584302
1.005678685057453
0.3658637222383627
1.106714689951186
1.069610583424382
2.371331087795774
0.5594581338514317
0.2091736750147917
1.775145447467073
0.7060651602590196
1.392438485111562
0.9668815110827191
3.228958390143562
0.926958980564607
1.034180443106116
2.370363113041636
2.101080881830089
5.554194953340525
1.593111935890666
3.695537832138496
1.172391572140983
1.649703115596405
1.458054794583037
0.6209002683962479
0.4515014510264235
1.067894634835235
1.455995408966672
-0.07257593027540854
1.695615092503883
1.335478701736183
3.204904918871379
1.77122554402157
0.6419366684791522
1.450928941545413
0.6914621859802113
2.584425951156236
1.122332900786891
0.8079119089811765
0.5852617414184528
0.9183386115041784
0.911158361852934
-0.3471539348312851
2.215084038597852
1.670661213897032
0.9449874012634241
2.47524467650866
1.026619622398888
0.9689359953210624
1.0766355954307
0.6429791405700707
0.8969122695666764
0.5126291607028182
-0.03733160408652858
0.9906300554761125
0.8012603633923475
-0.1808327473465894
-0.4746670328189206
-0.4048667941032191
2.65961080232513
1.482697767178514
1.936897681992696
1.31570483930066
1.337788513912919
1.058716845809093
1.820492017000582
1.781321850664414
0.2259675968481081
1.221214836653661
0.06658788206070454
0.7948187694979502
2.166090710001463
1.775627556286536
0.7562426365485564
1.115140097969299
2.403689625658497
1.370372225186534
0.601487226792667
0.8579331742919525
0.4310587394223245
0.9653372605053679
0.5091546365597105
-0.04963545132556502
0.8522318428547715
0.7606809706801728
-0.08479653486237071
0.7872145606244655
1.020035214289584
0.4955119914865469
2.758110476749569
1.310545986573143
0.2963475357863199
1.088897722334228
0.5168749449784471
-0.4632589403080087
0.7530336073204065
0.7339346907089178
0.01564736313290782
0.8220313458801499
0.7252747673005508
0.03604205703601771
0.4512307426986819
0.8804148038447821
-0.07894344124287755
0.7232308457937842
0.905757935085191
0.2327196541382931
1.839092439773241
0.8117620251006934
-0.1253896755444268
1.652148694090004
0.4866587928925832
0.5184821085734347
0.1986453211271444
1.4242382639407
3.592999266069752
1.068644676882991
1.315682199199372
0.8711177387184793
1.568052620693917
0.6145844579934194
0.753266344373109
0.3624767594017009
1.166099712108868
1.483378606345364
-0.1265112606285457
1.042017975748388
2.198122970005707
1.280187939382878
2.29278365789831
1.971415301416836
0.9586358139081679
0.5586318688850207
1.231013148633628
1.61281458855283
0.6705427039050749
0.5947731787664522
-0.1906800611767092
0.5403955108632892
1.434146651313874
0.1630054220610406
0.6093723285927707
1.750315602320512
1.579152847224503
0.7952817268111673
0.5594354148343248
0.3953397785230353
2.215422772203144
0.9635069878404189
1.64247175095614
2.866959301276998
0.6474932356098767
0.1260652527478668
1.862908387413182
0.244887971744248
1.262749567222452
2.739474987812396
0.735572876067887
0.6154525648294378
3.294728534424322
5.325723719620582
2.670641786979135
1.739283956185531
1.547601399605922
0.1019455239081792
-0.2850805631361335
1.106623953838804
1.391716282609281
0.7010217299708503
1.396353812153984
3.540779364763073
0.8158615935668418
1.241710652344874
0.2728928018358454
0.8646659313220846
1.861433020622983
1.278663397539617
0.3990211440238068
0.6748644920381148
0.2341423593875707
0.8991110359899354
1.358869261386122
0.6815986066836719
3.740191867077844
1.737518359328615
0.4394770980898335
1.18314483436203
0.4633974401312608
1.397098765232898
0.3100045564230455
0.04670363894800456
0.6398468240010792
-0.2957150942964386
0.274399832605037
1.462659717999008
0.4707552471941875
-0.04464440825166971
0.3104948644033433
0.8994870555718849
0.8862768343483927
0.9220130369218502
0.4319905975488932
-0.088015088646759
2.357266854551536
1.466567682370713
1.310653747402839
0.4510327035332794
2.204027161149181
1.139707281744113
1.888226525423481
1.023095630383934
0.901868359223559
-0.01908312026807946
-0.3880383399800871
0.07732992511565218
0.03958925632061672
1.400355719167683
1.556183214139558
1.952181718799429
-0.3723472711773934
1.563508833272581
0.9105942388213557
2.001722694164684
-0.1957049705209062
0.282875505186881
0.02412169381780649
0.3154992868957873
0.5712889179746854
0.2433975754280086
1.05752638675068
-0.2639951191729202
0.03005499530822164
0.4186161399396306
0.5410633202823607
-0.7185753171804765
1.865857749868348
0.8618337099734226
1.155748083555478
2.340070606948389
4.51480631893925
2.539123314010389
1.02703544515421
2.401865528036529
-0.3271201098752774
0.7970537104359356
-0.9168689591729957
0.203091054404699
1.266274496457595
0.2527227454862589
0.7197741340117287
2.551729097310106
0.01032453617199536
-0.1136329126608464
-0.1491503797097897
0.7337726816034515
0.9999894499799522
0.224264990159203
-0.1545635112683812
-0.01165319139230281
0.6890584565556441
-0.905984064831763
-0.8899066799079149
-0.4393006212082065
0.8339888452774599
1.324229087186542
1.557600742748499
3.078506129166699
1.1217610190379
-0.7879694567695739
0.7458335667816854
2.067860674608184
1.523162928557646
-0.2624682649279046
1.826634335569581
3.859643107891801
8.364403801130695
3.912264091198655
3.481240488699985
1.644993584528978
2.09776019927509
-0.01408660682475293
1.501595761463497
4.048629523023942
0.6772998383305686
2.347597026239066
4.725999264328983
1.549513283055952
-0.2396291881668406
0.6688011802195994
0.6972236091244226
2.236404581454492
0.4793441271742132
0.01620362856842017
0.04899044527801411
0.4414851315298323
0.7277152375262261
-0.214194265272718
2.956970347438865
1.529383731181591
0.5304489201924861
0.1322849998058375
0.7627521937341731
1.655096588142438
-0.37942609001462
-0.4069541696751779
1.042384037482445
0.7873184902764285
0.6233731553632174
1.377564256048033
0.4742685248610052
-0.1381888306007033
2.063925668776796
0.1660072763871965
0.9552997836276149
2.69571529776098
2.314373852348188
1.160645854161681
0.8039076387979677
0.2172099070488226
2.581696513804093
0.5413681090165381
1.968017715708159
4.365316721873056
0.2053117442649089
1.541215854266112
2.963106884930088
0.7641368407951414
-0.2334948358194271
0.5916219419444337
0.6149289389476755
1.500542093927887
1.600430675560355
1.471017638160273
0.0823975583137907
1.216997494630818
0.5449720757294472
0.1258986847203819
0.7371787672546355
0.2543381316358881
0.5424807957878279
1.289935224433696
0.5310898569550759
1.099691230925015
0.6174727342877
0.3057338133577411
1.083695329892286
0.5604460483288085
0.2335352088809792
0.560027280507105
0.7086426502381143
0.5400124794218529
0.9384200206964979
0.4499917290146443
0.5485659604839905
0.3247043455686389
1.330809012459846
0.2528012097846255
0.4126667813146587
0.8623022881782945
0.1703523148866021
0.08969855301392138
0.05403438464812738
-0.6403617805858466
0.6511840152944606
0.6877606044050675
0.7051827044049186
1.096223036833429
2.655643965971983
1.029292092536107
0.3916401770583171
0.1593591166262988
1.903984189318161
0.852027512774076
3.698428723557226
2.157524426013581
1.88668700590942
0.3967206717914653
0.04363809243588224
0.7905289277654776
0.3699449151927112
0.7485695460639914
1.255002755445973
2.671183489755223
1.091563658012821
-0.3606842083876702
1.361917995475764
1.242131359037331
0.7048186277079658
0.7602156473795523
-0.1008631170994949
0.2233289780875448
-0.5637197636856248
0.2192248162283089
0.9696218779508388
1.037792707107942
1.555370207438581
1.270725530562554
1.452681014553226
0.8007035732557466
2.221281187313393
3.336713317318795
1.534512218184275
-0.03920097435474257
1.074899907365455
0.6691487004921804
0.5043770729561736
0.5805506482472942
0.6853879415169717
0.9494696610137432
-0.4076342325286166
-0.269530501620501
1.237631133295893
0.2160480502861041
0.8583749222270127
0.6501022806764531
1.372844035533587
3.6797997762899
1.549340588646746
1.202733027282931
0.8434235320309365
0.250846028429615
1.427227670745928
1.17660104187926
1.263712211499281
1.836776811940021
0.2936599043496636
0.1368552929353751
2.008756086029771
0.9704480020147136
-0.3412966341305981
1.031585727316627
3.167137215794722
1.266129707345227
1.574353593277049
0.9681398312634104
0.2450514569667158
0.6416127406223773
0.5766724151191793
1.480101213046066
-0.3559875609004433
-0.05358071918017293
0.4196462893483993
-0.340556138979897
5.322378291641423
3.081183430244492
1.141287418426185
2.136094320636853
0.2256083590208847
1.015042386712686
1.780324583382742
3.148176769224268
1.357066452013939
0.7828879519582556
0.3847165658722439
-0.3502525686528228
3.590196253348755
1.440417661478315
1.506626175960117
1.938161033310119
0.695800913261698
0.2935588599082349
0.6917309978070352
0.5138729201840146
0.8819689248040007
0.5424515420231406
0.8129512675464031
0.3741442760417645
1.112859880654603
0.5953914541611236
2.084702162097863
0.6951250512196461
1.11818025574919
0.3543534412867511
0.7097292806116904
-0.2291799669972578
0.7443201617419328
1.166623802110589
1.500705086573824
0.6209898526433555
0.764604904400663
0.530417988748582
0.5242246496522813
1.63520960343131
0.6395003260021455
1.13738137018081
0.8158357497185456
1.549092151694992
-0.4354103998254863
-0.2608348323942551
-0.1794836097500083
1.13632331374581
1.729133543163222
0.6420151403407214
0.801827226062478
1.655514123180323
0.03006908522166707
0.4139415275591235
0.7583741056811396
0.005583770089357842
0.5698067295388443
-0.2652435750321822
1.131554999763071
1.082132761356993
1.143629482364872
1.566839647088724
2.453903305072055
0.9466420304310428
1.340492290981846
2.457540242400001
2.584087688496717
4.204114595700991
1.317823638699507
1.187396891194322
1.280340288673658
2.310407289880062
2.19438839273345
1.805410780881669
0.939804736089362
1.464169406092677
1.680039311775204
1.316634102794699
0.9909277477413475
0.7610348899976114
0.7343238720554019
0.9508163374025775
0.113506971634859
0.6261548787255951
0.1697544470477604
0.4516362290563205
0.9849427012256106
0.6229207887093688
0.6591228793643555
0.03250686584171503
1.078880187727729
1.10658313056303
1.108240772220934
0.7897297198345881
1.605985885619062
0.8068647735033476
0.7497998553209276
0.7055060969958806
0.7392721062686749
0.181340811340464
0.3162506335753638
0.4823877973898245
1.816967210865508
0.8153815328037581
0.5568450040958841
0.9740287003578441
0.3419759781813139
0.951752788560396
1.008920769990542
0.4435071686622573
0.8507871859420223
0.7168450805715241
0.4707187376547418
1.484171589506697
2.517722250034628
1.15199744012896
0.6788758843525912
0.6187601064308254
0.04279232713285519
0.6220369195417498
1.845824973227943
1.458523925691839
0.1964172023429717
1.338764609648558
1.351098972971329
0.6315564625524294
0.09358347394395772
1.229588138169357
0.1876224589217316
0.6041687374021545
0.2943843515681548
1.206031571456461
0.8026661423429835
0.8966419825810148
0.7679469787734345
0.3147562204207022
-0.2570452198246873
0.6504959813208646
0.6144803918822227
1.256697883070735
1.068474213611318
0.8062045028026084
0.7171084799916609
0.09103562662772868
1.87071635598971
0.2400044629104434
0.8836695835726729
1.163474194884529
0.09329327279536137
0.6194259038697332
0.9492672756535792
1.254186021119983
-0.1634737427083328
-0.03036381300897384
-0.1955728554917453
-0.1523944930607033
0.8551389358061989
0.7019234658158955
-0.4421960303700294
0.2503303378475732
1.432722547444559
1.378009593470227
3.161377690703148
1.608008887588658
1.373516081666931
0.6829293186186602
1.540086163848833
2.417010093866251
2.120931672786106
1.725312772477201
1.84714584592625
0.758522180858011
0.07563463395657521
0.309879200851474
0.3212370181942412
0.9619495666789689
0.1831643198135494
0.8146531410528042
0.8345730999681495
0.02165870944384907
0.2427195772273558
0.06846127483118958
-0.08555688563598629
-0.1180462659787265
0.5618625842979674
1.116947772883977
0.477329708490854
0.111371876721537
0.7000483925423076
0.3803154459233442
0.8358035410781199
0.9079826853833189
0.4491730274221685
0.908765141278686
2.004950512921084
1.530656596963594
0.4814789852042216
0.06019825811205015
-0.4690189964927816
0.4955158200866969
-0.1148861488554525
0.9667694390151187
1.082736334321567
0.391846183776658
0.4894432732899096
2.028710098127622
1.067568185334124
0.9098698142869146
0.3814074767469648
2.116715300888255
1.745669605404709
2.554180314413076
0.4601024003207439
0.8274846819861843
1.554506161492143
0.2865282347891049
-0.1425242360776335
1.478467830898143
0.4868145180347635
0.2742008191994343
0.7138843230025934
1.471497087272082
0.413939371332289
0.9419401332898615
-0.3172916119061928
0.09483197556769485
0.3170337709055804
0.5808463191017403
0.9477381903619697
1.652628858006751
1.04520318845819
0.2892687906459109
1.014352180303772
0.8624342392505975
0.4473518456628411
0.05734992771525949
0.8034322191047667
0.6437778893046732
0.07311775794603581
0.8682909027880127
0.6002424116525802
0.6521274058054569
0.6434317249824382
1.246259474658177
0.3744629875168023
0.6619473233082679
-0.4021423705694409
-0.02696998090763691
0.4157873123481812
1.15955045337213
1.052950892542208
0.9267507443756934
0.3539101721561045
0.4910340511273137
1.377484625002248
0.4820395704973953
1.010761782566988
0.6072244921245962
1.395596448182128
0.5674077277814111
0.284140340701179
0.07192505058805176
0.06374311672045185
0.1107748458322262
0.01983556409421072
0.4779182830883164
0.8711544738026711
0.8040604784827299
0.4931541753135674
0.7952110342940802
0.7171223334605993
0.0256009523722448
0.2801724667718447
0.1109497617211477
0.4693940009981379
0.0106044421404935
-0.5359611565653892
0.8759027506782442
-0.7870575099688313
-0.5510877572553858
0.3749358889171869
0.6465246258346513
0.592204913982479
-0.00770856013940846
-0.4547057781280246
0.04779206561173277
0.1827128415997362
0.653987838161324
0.559629224580858
0.09738195649664383
0.3950587769536463
0.1951420690792539
-0.2759767256484329
0.5382813123719875
-0.0875753683288425
-0.05886864554844751
0.543205876377129
1.075553906400911
0.4880031747239985
0.3244688540896996
0.9243858083296213
0.6353344739098412
1.021868116434943
1.094947962771013
0.7441987827167639
0.2668257090982633
0.6121362707896174
1.249872131745996
0.384773501443559
0.7912928088354471
0.4700189830244972
1.112809726182288
0.627733868271984
1.672622252297881
0.8074058240517376
1.443117326426463
0.1257310700381101
0.7075756053965907
-0.5401985229364143
-0.406881162423288
-0.01526547928070388
1.254651159854516
1.772235203971888
1.377289683330751
1.688148315481819
1.66595235904394
1.54489816644606
1.292642181728482
0.4391892901910893
0.2972155230450008
0.6247470767460553
0.6398497865763901
1.128834590005622
0.6877948961571234
0.878111569499054
0.2685815409742629
0.3803298185531153
0.8709662472877955
0.3430236193975944
0.3250681641263444
0.6209083423610289
0.8174228726523197
0.3435156876472283
1.013962821349594
0.6489694920970125
-0.5985038378912462
0.1296827601354211
0.7884392515046069
-0.553029355354713
0.241405170431484
-0.3790451798097341
0.6543104090916654
1.519965721907395
0.5194821946580632
0.4438321638184077
0.4119822354818492
0.1739905520388664
0.1850478171264017
0.7466690055895546
1.163524254320189
0.7415969763110353
0.9576957380485147
0.371745182848577
0.03813272635050202
1.523054658132689
-0.03422721052620004
1.665662671594828
1.00928978068233
1.064266275762883
0.7110856069397475
1.295843583412393
0.8186464106576712
0.9660354372773465
-0.3817357047966645
0.3929634846239259
0.4598954080673658
0.6251493035957478
0.7364224696266221
0.3810103726789493
0.5607499431999075
0.1018857830183695
0.6380529152486786
0.2200201212071521
1.007769242417446
0.1426079275021683
0.2896359549436983
0.3283132113365892
0.2208269248024921
0.4785482424955515
-0.3912678698696728
0.02088637175735941
0.1670117721451215
0.6645150232146717
-0.03914054201358352
-0.2722258348772841
-0.2881769790226274
0.7036345075603641
0.3939749958778086
0.7255971506223724
-0.9595533871079309
5.407671744779844
2.306154520136824
2.787024305314194
1.34795586016826
1.325319584800303
2.593619363546142
1.631103302928541
1.870194667002652
1.487357447644621
1.879173060149507
3.098099200560896
2.301003485161894
0.8411028739754969
0.5174151601360966
1.227025116844885
0.5402871035896943
1.262184717226429
0.5802982677560958
1.553871977721111
3.592016021395289
0.6452005776571421
1.129622669116081
1.122154154359506
0.1332051306463429
0.2318817760350862
1.120907899688138
0.3101809630358006
0.04667554343298197
1.187515885548876
2.748166593493025
0.3089621674376442
1.339099147556629
2.146954509176562
0.9681028389290098
3.355018339821368
1.559892557173109
1.310916089137665
1.461390576442297
1.180003299589619
1.347355505186093
1.169982081585818
1.00155369773046
-0.01522467300532782
0.001339986285635253
1.700443076482391
1.258317435340329
0.6146078747860502
0.4240890281483422
0.4185830004809803
0.6719967599079792
0.126953416157318
0.5909016312087687
2.083014449663388
0.7768026404236426
2.130399552897182
1.911622788999662
1.88861184141135
0.3760846917779888
0.7294688650646368
0.9411272922254821
0.2362104392108177
0.7315327588467355
1.062302353092301
0.7922155580275601
2.049160560088318
0.9261745057368928
0.9322364609014935
1.14654021754531
1.2352213388045
2.161579000611642
1.342127733338732
3.539339024678225
0.2358890401394529
0.8176153258463081
0.09418263606562627
0.8138328752919914
0.5701545791372743
0.8125789439954239
1.601879116391642
-0.2283553387881307
3.261584545207155
1.243077567690963
1.315423994715825
0.4110615300683262
5.155484104427231
2.557585834820329
0.47613284957321
2.517101231845137
-0.03522058767836844
1.39163734799376
2.152550688395044
0.5206334222805031
2.254859594248176
1.28746055806081
0.1670366838064178
0.1608371929538864
4.560008739490666
1.705686391667048
0.3758302755409288
1.884804006234206
3.530223572263777
6.984823705909292
3.213650540134454
1.860835541699005
1.892961277243971
0.4112550043982461
4.393270015973371
1.817764882704688
0.2410680867860635
-0.1447357305326606
2.950629243441266
0.913647207763838
2.869847981459559
1.848508966692752
1.474436407949863
0.6247430460307852
0.4877888197336137
-0.0549902646843643
0.6450050496517827
1.618730036697209
1.353376493392224
2.982643200875654
0.8450222070597642
-0.5459822727067758
2.446802625273032
0.221879312970368
1.920557236826885
4.719130442910719
2.366022108879538
0.3943675682408988
1.578624118507889
-0.1561331705211229
0.04703642594606128
0.1690713726728836
0.7388126847212885
1.793478264285561
-0.4532737973421259
-0.02826011361266567
0.3112042277060633
0.7346741864088114
0.9210201614996671
0.9146957475639762
1.852760149459834
0.4305405353319903
2.148099172679762
0.5502504376478635
4.738764690281606
2.019311505115454
0.85397767799561
2.605662468850226
0.9736820414768788
1.374159139457162
4.038010295763171
1.128895268821863
1.179205125387546
1.663817452357936
-0.2100907570270789
-0.2077272750539363
-0.03193621737846541
1.737790499723014
-0.7202505513258264
0.2533456546610289
0.1039640283960852
-0.2062077326504992
1.693263067005261
0.1495013251422674
-1.057115150481786
0.5791878110311857
0.2462863067982242
1.792545387831975
0.322293151567398
0.3082989774921525
1.535910979847319
1.96125852501175
3.516262476969338
1.568506561713487
1.007839914580669
0.349805468200428
0.4705313467777817
-0.09251613912616552
0.1306290360157678
0.05766264583090697
1.255288876419781
0.8250601899368194
0.429874713684687
0.6746577035779635
0.302613050232277
0.5838780510245734
1.078921193194669
-0.1874462109080677
0.336752107165122
2.535456210861132
1.21083984959057
0.7126868843464936
1.145722269005754
2.117073166878314
0.2893164636202011
-0.3187283645748884
0.6298156816661167
0.9175114308068137
1.60064865777711
0.4148014757980374
1.273638540899878
2.558400187752564
0.05242170584883032
-0.6188876412003848
1.624510707816755
1.490892024704709
-0.1162588126960131
1.123767941473439
0.8567590029614562
1.643142120989293
0.5986368402147771
-0.07803041123633725
0.1681360929394955
0.9110548757880644
1.0404144531307
1.473938892031883
0.676562791652189
0.480865431969948
0.2919921721857506
-0.1164318948163592
1.108150146830203
0.9354370878740914
1.082220870071314
1.082501904873982
0.4664469616549962
-0.1440798303452313
-0.1410893458074209
0.9396268120998763
0.4628542028743272
0.07502671831355434
1.050263416989356
1.062997950675558
1.117065896885546
1.279045026102924
0.7030010425924239
-0.05272224776330114
0.1823815401047878
0.3541058717342679
-0.474897235231811
0.233368592879884
-0.3575891812934298
0.2796064761839216
-0.2579748894810932
-0.1990775750160427
0.03697413835621977
0.5612342551910301
0.6866703006849896
-0.04882831840327895
0.08751612680704379
0.5493308721735218
0.2829652243337696
-0.09588743535300748
-0.4519300832217426
-0.6322182455194882
8.378447411471111
4.831189161640222
2.354965714931351
4.748898818594661
-0.3624506705347075
1.548982353775968
1.29429853365329
4.124765759666973
2.983082316842245
0.4959734357177461
-0.7660316234430253
0.1170250886682791
1.92192757950886
0.4527072302535753
3.571130721491175
1.151179430193311
2.91221163821358
1.195471717000945
7.097706089720593
2.452331341592318
6.26696651831636
13.5514301563321
5.850393316394676
2.471369520617762
2.025578031134953
6.87675476228474
3.007453634754963
0.5256372169451731
-0.777491703358558
1.366103142040244
2.124823469592121
3.72485915330931
0.1032746482195545
-1.279825664444993
2.466638911610811
-0.4177600853819643
3.20288513565211
0.8313182872535333
1.617626572227163
-0.07091645582866057
4.128252610741983
0.7590855853851274
7.990572024615219
3.651508078373369
2.237775211778088
0.2377453609263747
1.700235730035832
3.729112090228035
-0.3283098122605523
1.145020795003599
-0.700116439278015
0.2415427724083336
2.873416465368107
1.058249683848361
1.376257274929408
0.3811580414238582
5.148123787051823
2.837753557488184
-0.03179660016111296
2.827540484170037
0.9314529070252665
-0.5438283038682554
1.888453072078455
0.5068993947654254
2.948845542114641
0.8670658799550557
1.18123926950084
-1.146065484964311
4.171074602441688
1.29396221119635
-0.3333673501416599
1.259059818568293
7.627741270878634
3.538773399743884
3.218139791309283
1.221235592822213
2.456173326943069
0.9204190532245179
4.019136350669578
1.75425534018656
2.252764923646343
1.052149954666288
0.3859451848693206
0.02109459448578643
2.143758656525414
4.529649713414537
0.7018030649556559
2.641369261141225
-1.173288906025978
-0.4981822843842776
0.5739373578001015
0.1032309060592029
1.234501337389156
0.3399448270994412
0.3497044549761427
3.418651537876674
-0.2283208342885115
1.352646782629747
1.933929364659322
0.2186629100892515
0.855114109387021
2.87656026995989
1.060560874535709
-0.2471897208024936
2.22417916934259
5.181790503019007
0.612835378015125
2.621816999348592
0.3601493743436333
1.410931754958465
1.580617010652216
2.711463265391302
-0.731910581174829
0.7306966959167147
1.092483178472178
0.07102472126492099
-0.08242162135345943
0.1384378817775891
1.822464947641351
1.041656814361827
2.083163108840004
3.386683073130845
1.763511324129858
0.9526233318015476
1.215309977273979
2.201043625134735
-0.07245663354373288
0.4472358786987748
0.3679163606537706
0.07761302782014023
0.9554659666067925
1.578051233704789
2.043566123031598
1.547870247178214
4.178827495857115
2.273048381882537
0.6472326290287671
1.35093757385343
1.601607252246052
0.4882749791424544
0.0895359043938978
0.4971897248091435
1.625959912151409
0.5785326452468885
-0.1578869206088367
0.3891877768795574
0.6768975688512002
-0.2352239146892328
2.786081581167904
1.834204207375358
1.7712670200342
0.001812450614446348
-0.07663083132911197
0.486136156559227
2.723896300361725
1.206885934153864
0.9338681700930372
2.826717452528137
2.804384423113365
4.094743246701384
1.463546943794736
2.997345718404994
-0.4941416449960889
1.628748296402814
2.468147920339737
5.873148937811218
2.99860918183022
1.194861997512957
2.094200186709211
0.5910874836318722
2.028160280565485
3.510076369353042
3.371395579031109
8.016867746527636
4.238768173250026
1.708075057381716
2.063009385136569
0.1446460200407749
-0.4940641892811262
0.3058472855657971
0.9071954992691665
-0.2334013617005775
0.2400784359025937
1.516814459146908
1.193831796682778
2.825361276042845
-0.008220959238254055
0.9778781971693149
2.15931464804004
0.1488028083431502
4.10229147847862
2.641321288512943
0.3959450288928666
-0.5930982358576438
0.2355725549445472
1.242047497629036
3.176920140041866
0.4859836653959538
0.5451300114052327
1.777732214057438
2.098144230630187
4.282232012423476
1.495102125591534
0.5527611637543874
2.725522603659986
1.249941882813954
1.117731964871643
-0.04315560585384293
1.002194221986591
2.438002733802781
0.2406169285569455
1.504761100338877
0.6578030790587237
1.533866591384914
0.0686202526357429
0.6774769396020747
-0.4360406883152474
-0.1619950706790936
0.8273983102160112
-0.4415987711672811
0.7096372512450284
2.072368489000939
0.453527933516199
0.7826914497657719
0.4922205265059488
0.508159700528682
0.6966720236023679
-0.7483186155367432
0.7403516340623595
0.7892807473974071
0.6580930401059562
0.489505907247431
0.6342746728093289
1.185409917425116
1.887735770944008
1.323571480111571
0.360993261518823
0.5396498398482437
0.7877159287439499
0.8061000906838238
1.415636640534755
1.017667181874973
1.611066842080936
2.108999539241782
1.62878098982954
3.689854311417893
1.446144465238278
1.064005704636032
0.2487717311804108
0.759263270060423
2.61740534335329
1.599994247225742
0.6618341427688408
1.212642369073605
0.290333839647153
1.43507016405588
0.3205322899725154
0.7140047825890885
1.492671037937862
0.9339901053502507
-0.04446487699286483
1.088954545892633
1.315568147718151
1.093321162205038
0.7006420847840268
0.7614901234835855
0.5775559259675493
0.3514295460286048
0.282300758285527
0.9462888967627278
-0.005580392351285601
0.5722647738675192
2.575898221192213
1.097445232529703
1.055975648034072
0.0518125220438318
0.8459635708844554
1.275282355621537
0.1688776355013832
0.4899681750427438
0.5853501000861114
0.7140007092879235
0.2781602124011278
0.6762635567119182
0.6239508926445475
1.636206133764157
0.1505519362542903
0.774935103611195
0.6815801695092909
0.614526099884609
0.2501650294953323
0.263775833615289
0.5728447455867099
0.7280067117732806
1.337134174364492
1.234826326144798
0.7233765844544655
-0.2305331323413069
-0.006951070732681197
0.4009151754796118
0.4950375646175955
-0.03311108795466478
1.112339655833669
0.6295242069829532
0.7166708916686253
0.9316537156358665
0.4360146228577415
0.8110384992870372
-0.6428487824087792
0.4831470441753475
0.575686848616132
0.9358770555724871
0.492322881414502
0.2343634928088489
0.07976281461736856
-0.04966807917556348
0.4355871591717893
0.1502597815716129
0.8088151501127627
0.6705136896697815
0.4788460856007026
1.072962424057109
-0.1274261695041663
1.052244741745286
0.8776388101576589
0.6782728220809724
0.9474440558788282
0.6054569280102262
2.206397450782254
1.233889203549344
-0.1447709722042951
1.038109775941714
0.5431293107006947
0.6824255430145985
-0.1570897860791378
1.527168162116039
0.2926057790854896
0.6516083217735006
0.62584553418836
0.686963747496111
0.07790356664151776
-0.09820188849789635
0.1649162750464469
0.2949822626638909
0.6929232175880853
-0.1231617820753232
0.4741253931012079
1.853811253226493
0.2571853731381282
-0.3298938648202152
0.5994841471063065
-0.7201160639707826
0.6968593697827796
1.126820110597215
1.029696676255923
1.556384042506437
3.853299015932842
2.546403818985175
2.100299016225655
0.9968681748678803
0.01305664846511057
-0.2014255595676853
0.7421711996390686
1.212082343647956
0.4248809673267373
1.75977328395934
1.083152333859886
1.372208547837367
0.8510524556992271
0.8712998634947726
0.7115903884720929
-0.1778561876374167
1.092425807812706
1.118664717083467
0.5776691370513148
0.3048520952860302
0.5551901115175252
1.335076887988139
0.3992513652136942
1.128870019724192
0.1486081507155621
0.341798159267315
-0.4588009513265541
0.1683789921062029
2.249201861279728
1.737162650165909
3.261344200605086
2.391973594463525
1.359848927968502
1.589289302412225
0.8715807578820705
1.442038898553909
0.8966053118139998
0.3898199172882651
2.204692503296613
1.020972719921815
2.074021016369644
0.7544513140750725
2.236914733132534
1.274758754766834
0.37632109377207
0.8550945368211776
0.09784694227148383
0.06572727093699138
2.324046423309933
0.813668620894155
0.5078714881699521
0.1331340554925377
0.4407916611659134
0.5996151238277192
1.279856958770084
1.410033680622906
2.188890100842541
1.136386405687772
0.8834704084289275
0.9701594534169072
1.307871786581669
1.772748880579082
0.4783713534635337
0.1752953666319866
0.5757698760687064
0.7187209491139515
2.647367780784515
1.49136143043814
0.7186672822228477
1.500760705953202
0.9201052604234652
0.3139859334473558
0.3484087477504164
-0.2651750378732294
0.9049701387424305
0.8362500602318147
0.50963803188141
0.4438452986898216
-0.6553054751731286
0.4708137449080885
0.8919108004647651
0.5096636212881476
1.793466704383603
1.598588531840024
1.610695808583695
0.8318146729204661
0.9099649269296856
1.843170600025156
1.233453400661351
0.2186762082611219
0.2900644487244545
1.162853208001112
1.78631472007842
2.286701224929904
1.216321367884917
1.463879167657236
0.5281510649373826
1.006096040067987
1.262948378267374
1.668352877572754
1.429205618776479
0.3992341490322684
1.865826162465361
0.8601147179145099
1.608720150964841
1.396079383807767
2.120272960228749
4.506311462071682
1.543224196408315
1.103811127518466
0.4886454782504982
0.5960514339532272
1.44965120097638
1.86754764351297
1.971232558754057
3.556873622243375
1.314596475870113
3.13543008903924
1.290196029432397
0.3968382245732144
2.94366902581668
5.557962481347504
3.062994840079318
1.689089871189529
0.426159913395928
0.499989068128053
1.283967354499374
0.7155856852010885
0.8777398440379577
0.568687569571193
1.286571771587774
1.61960694133982
0.1169751680446073
1.205818536567179
1.267923311667768
1.246101899007788
1.514006407743712
2.20210583377373
0.5559503625665869
0.1825611204698654
1.711179830709301
3.471399842470548
1.969416134438918
0.1790543418092486
1.164329157257232
1.561588434913294
1.18694242658219
1.03153400914797
0.6962414439991295
1.897571774736114
0.7350479653820507
1.079061832031668
1.119604184717688
1.1766111835419
1.400538268660569
0.1558789037784066
1.676550502481636
0.8679565005300325
0.7261404924441814
-0.2065539885323171
1.351911410251525
0.2606224866569586
2.15450284488686
1.11004008791947
1.978130963664889
3.094126751581748
0.1104119023212146
1.77282510126314
1.662952413568773
0.4700563770519453
2.280075977567736
0.3698979593439385
1.514507283547615
1.890169392279979
1.641698553383299
3.704182575857397
1.702692077103841
0.6191275207194383
1.169659681250698
0.4241053548985105
2.870623294848076
5.469771543112464
3.173733790516063
1.447766903720588
0.5228281882060422
1.520275331558151
3.344085815411078
1.344040150926848
0.7100981425498043
1.217650142564621
0.8462111257213415
2.260998819645397
0.3913671677231726
0.8417455517838388
1.363840773877618
0.2353219060106009
1.057981216270234
0.2395544604244142
2.43557500280773
1.695395268151992
1.821337372361906
1.119624473334569
3.07026701030513
2.61651379699285
0.4333451522224755
0.8348533078950992
0.727805206305135
0.9854312167308532
1.476853294786747
1.295579289752824
0.7174728339861469
1.337727753507165
0.1241890939357663
0.6134026137641662
2.019156853937142
0.6881290607367093
0.3579460233667319
1.150028788781965
1.745424534197884
0.8130514636479054
-0.5673434454389967
0.6320828311320446
1.193465416109304
-0.4953755438245719
-0.3629060620938118
1.181177468965917
1.848916548932121
0.8034899808863171
-0.5346890617811904
0.4496747051940977
0.4210126587079256
-0.1204398384946426
0.5948783855922257
0.3734680472566977
0.02323653334675035
1.646161370187412
0.3963298303645422
1.87624540538819
0.7539157107278125
0.8338572718913734
0.169322115277697
0.6135198626877676
0.9428470119569428
0.5615818330593352
0.2795099510933394
0.4315697189047792
0.1892778158100623
1.093834533748818
1.972408990278377
1.066855491930243
2.25134946887696
0.8312435831171902
1.172981628348236
1.10166251108929
0.7781649844589118
0.8582204144841186
0.4732732014663712
0.2834499524726191
0.2977743648781096
1.215665060841631
3.21856547501373
2.423580361230924
1.105826643692864
1.09707722511154
1.171221375852707
0.2230548194247419
0.5378272988326241
0.3886946062602221
0.7079958829737554
1.552656551848111
0.5151949804111129
1.779902280440253
2.710476450687247
-0.02464340390614561
3.034794858722461
1.606953496277929
0.02910403129702321
-0.1370344804843182
1.042779843659175
0.6401696424682786
-0.1026211606609404
1.068772930175088
2.221383175035482
0.4276992864984021
3.271164368062103
1.423236589669993
1.644817380519941
0.67953167032616
0.4088100762627804
1.290666333980202
0.8494027591799941
0.4931538618077993
0.8018802094345446
2.043362244367258
0.318701552581435
1.209925388884586
1.649500914697351
0.0797597563139375
0.5586267449417166
1.027264432961674
0.4377095308990617
2.017441051971174
0.6390451995511718
-0.8836348356535184
0.6821487740932759
0.2845515640615005
0.1028438546388114
0.5067719540144811
0.6164936187117587
0.4301436873674591
0.0560776032815441
1.13563774040703
0.07745263413156878
-0.003490788511028908
0.4524978468506771
-0.6865462439167971
2.172586055486196
4.918187501749578
2.184872841334351
1.076821183193236
2.611328975167482
0.7177516121009062
0.8989450907493961
0.8619645951669621
1.027065225271657
0.2951144519232488
0.7895325631319225
0.9405000498065885
1.456214316548958
1.172124803856509
0.8315890503520104
2.906037568407197
-0.04561481541805912
-0.01659570163416935
0.1238513400713313
-0.4947490846721678
0.4255106945017098
1.004873294800052
0.2137495411334768
0.7517097568638166
0.628031140305835
1.200501409648734
-0.7747052186184071
0.5363258031091738
0.5065232922855922
1.337544021674266
1.227928740183569
2.895225128888009
-0.5280834963427665
-0.2028493403604257
0.568758553556896
1.231242839804411
0.9937566916484112
2.664180236030535
-0.2318821667618083
1.391715081054095
0.1518176904642391
0.8728099639691991
3.086456849040559
1.225092401862955
0.8311612507983435
2.548027560632411
5.229656185194116
3.073585209423188
-0.6394003909306285
-0.6824347156260717
0.8986345337356961
1.508030964664547
1.938198882813325
1.323011295969137
2.789720481606633
0.8478879969311842
0.2642315004707286
-1.347744035630356
0.1991354441529239
2.03156249001544
0.3318595574376914
0.5930387378445855
0.1261563973995249
-0.8028169587076368
2.755222842520861
4.978219141892259
3.016484954260832
1.270440786747413
1.761108231781999
0.9558046919747174
-0.2501542428517298
1.494600377075838
2.19975457920033
0.4460101288369882
4.313475218028406
1.797268642537185
3.839984296486469
1.02928782529628
3.81392627064455
7.75834823168827
-0.5607211486939616
1.499159631264461
2.117343724401875
5.170629313211462
0.6302549960618811
1.211144972097206
0.6874990075555301
2.901266296547099
0.8355817966406237
2.528259304461153
1.333407437752529
-0.04476472230150375
-0.1555484296086844
1.848787187877047
0.1120254112344156
0.6122979177858257
0.2814361255085653
-0.03732443547834441
-0.5337029794423775
-0.5109152783432922
-0.1955011727376996
-0.263608743540527
0.2699540981009598
0.1920882823678312
0.8187367467637791
-0.2439080308060015
1.697655330320656
0.06801796360996759
0.8530408000377271
-0.2041021502958102
-0.5308524412334887
-0.3687715362078914
0.3098400659324261
-0.1988148988106404
0.1909928620653646
1.19600674010818
1.589169520427757
2.436390622814666
1.383453744383252
0.640424381237979
0.6850511694511838
0.9319122577155718
1.416329396620034
0.1775570223961985
0.7682034762073914
1.089061635077362
-0.1274843128842849
-0.02119641719903509
1.594774935174802
0.4373362845084972
2.016409419650691
0.9132033384137366
-0.1213883856545466
0.5938363443964055
0.3435896657043932
-0.263440858381869
3.566493051147052
1.675910003814179
1.592390216554875
0.4472264831207515
1.145560934710814
1.55313571022756
1.104065200383334
1.416067263830715
1.257123791460119
0.5228149456990212
0.2952051768659694
0.2477685346998483
0.4517854953031466
1.360182957592828
0.6627006571733185
0.1747640593746995
2.622802276952164
0.4192392627373197
0.3761571386868088
1.421009456882167
0.830543534673991
0.3499726204822162
0.649785422487714
0.2649691536586662
2.072110846479833
2.683835534147453
2.10059926706422
0.948330623424036
0.2460068705203401
1.368203484875873
1.691475898927362
0.6986081640200825
0.8353481944996141
2.109693860352568
0.8248093340095124
0.6937413117589348
0.6660820033291277
1.419309851918134
0.5864503251011477
0.8493474502082272
-0.6705709618053184
-1.011626689805687
0.4852537705432307
-0.2738083595797052
-0.1974022197569134
0.5455896999546601
0.7272249256256271
1.422798885017185
1.009399004603609
0.09453386356259641
0.2520133069831674
1.352331922035762
-0.1937334109123332
0.4062644711119739
1.865924164052869
0.2072341858057027
1.558187815803439
0.110924963202518
0.6029463377173984
-0.5354982550004348
1.029164427693092
-0.04541681227287042
2.238257004254871
1.196547657444825
0.2804874271954003
1.21179971599703
2.184897698376287
0.4924345205749111
5.254783968602365
2.571347691248004
1.353358120235064
3.417103125435668
-0.2074262487680218
-0.2815186142404229
1.234940613255869
0.8591007974388859
1.582599905029598
3.035844666617068
1.084819635264381
1.38957605942823
0.2977128519247635
-0.004452090611622994
1.089435565323416
1.862893140202209
0.1970868161801296
0.1964524979951838
0.3462855152746497
0.8247133463003874
-0.4399951062765297
0.9720699157521866
-0.6761314409510064
-0.2501906108408203
0.9514884825108078
1.900177457797066
-0.4288052995461642
0.4282429413083382
1.375575348800699
0.0442491238250059
2.533687569068038
1.165032539714785
0.3678337728621104
0.7360751321414982
1.799807831588651
-0.06026734861140737
2.417610948731387
0.861730758900093
1.239837370902458
-0.01036997316351318
4.804149839232611
1.635561225301042
0.8465772378798151
1.889283669196787
1.312335315047056
0.4348764068496722
3.060710482272426
1.096734552032263
-0.1009642047852319
0.005139857576628937
-0.6590639003304504
0.3492383060131961
0.9762187898797227
2.620929449757746
4.333628478278955
2.289560970082476
3.866497365377433
1.198345239311646
3.96046625426381
8.85096971296821
4.386043010947001
1.682519313137525
0.1627030973426061
2.770623604007272
0.4763101233458822
1.390530653096717
2.861790596106304
1.495732494969608
2.158613820815318
1.111362366583387
3.758662559661563
0.7373267428576193
2.599596423924981
5.457142328566746
1.057037416793407
2.640243387489714
0.7557085026608684
2.983405472759459
1.369875452291746
1.206184794342033
1.347535909653586
0.6989045569869436
0.6610259710223587
2.088491053838631
1.313062699768966
1.23835381844427
0.9408373571851593
0.8480046027955972
2.371852876719293
0.4272268235836222
1.483973581352499
3.67834307992135
0.07664054414695542
-0.1118664814324006
0.07658398383315557
1.510072146395603
0.7505858478296554
2.192776679564718
0.1603499018237813
0.9779835363302315
0.965726253856536
0.07992684542107786
0.6579174965856653
1.791935354207339
0.3609881298536355
0.6447301228700186
0.4901980040614631
0.3453151781574553
0.8686398134312325
1.5249137371445
1.581675901591598
0.4896136615610972
-0.1785579171112011
-0.1663301447566179
0.1499356159640823
0.441836615471406
1.657174270628563
0.3544723820311841
2.074874026389101
1.752543433106128
1.643234674690248
2.561450735218028
0.8540085849269055
0.03810783835046261
-0.1481586252302083
0.576269839870288
0.3581991906181037
2.497663439413137
4.260679006963072
1.812626265524204
3.23156157089084
1.19792272621642
-0.2512418563583236
0.8185236006391015
0.1939536123160923
0.8081971332548202
2.530693722048216
0.6907972087568324
0.1155091111817138
0.8648219006634761
2.09058939563323
0.8965796591071257
1.452335606130664
1.007808488970751
1.152522382255406
1.889435770016805
3.075861733246283
1.907740905966722
0.8032540131972974
1.132731178008475
0.626663219343421
0.7759565913078142
0.5258397916700279
1.147735930950248
2.411695514218097
0.2560647622842884
1.054457906863237
3.660925377034304
1.642244395590929
-0.07882525274615415
0.5929251238099367
-0.01712975291947028
2.140953886946068
1.110504319042947
2.428065545615154
5.434981542451569
3.204871721397279
1.309244806219773
3.417944925230576
1.571900730698019
0.5099869685944129
1.423154637313114
1.338318137171527
0.2781205376774945
1.068989573295765
0.7743029290215203
3.230424226021801
1.843225021179819
0.8557006670324491
2.404644293310976
0.5185609680284333
2.030089844423328
2.974127731745618
1.355287165758325
0.7204117122817943
2.104331368589206
1.358587207902453
0.3679114214214085
-0.023715251776949
-0.1173633264727627
0.3366180026732161
1.350050563586893
0.8257247468557978
2.840847727684489
-0.2743156215672249
1.166248149046335
1.316275564576788
1.229932244808199
1.52298004861271
1.27248807845865
2.275896759307183
0.7492674498828394
1.190996452851186
1.52580172564312
1.460443189657379
0.7922297616824913
-0.2226115436428513
-0.4027042841550197
0.9319117715251565
1.353163464106222
-0.1411737879548041
0.3798125009419883
0.7536023954315798
1.106824600976979
0.7681379433994235
0.6110133981665162
2.00506345445958
1.252786150117294
0.3035841396583486
0.8955571475364914
0.820047097206027
2.401312410574369
3.843181499451934
2.864570842516625
0.5538328269510699
0.7875249617395399
0.7613012453316436
1.117806072547518
-0.2414208749764115
-0.003628795809015539
0.5237104617245852
0.7868634124580283
0.7282558213733941
0.002230646878419007
1.014585828752526
0.841256316420518
0.7268166587533111
0.9696824136186515
1.311889360442226
0.841919039671804
1.194899969799674
0.05881395976163417
1.786981165873382
1.100803285554729
1.484888676264772
1.770401669594129
1.02690271473346
-0.14598171601267
0.05168002824963536
0.689359505939837
0.9698537760948808
0.3751303746846765
1.05642764925075
0.8809339657488982
1.468193155735691
0.3965779439018742
-0.09745085822951061
-0.02064043287924999
0.7560645622030382
0.478804509916915
1.410268876413637
1.445702878922075
1.39536109812153
2.071432423655028
0.8740444668067663
0.8360066476659094
1.306537545379583
0.2794599703219696
0.1485501475359625
0.6037565608632512
0.6367819832497171
0.8426009350713241
0.574152947679573
1.452772105773889
1.245124628973913
1.085068072376322
0.9856424443307908
1.272761425229831
1.223156979543301
0.5661131987352261
0.8604330867595821
0.5605418032077534
0.7458826931789531
0.9883575215659033
1.837925901425258
0.2898857690381068
0.7142289242275656
0.03512785807597851
1.153605657922571
1.002161499318319
1.178896602020228
0.7424106287593732
1.360586091475647
0.9691342034516561
0.811901339353345
0.5357229067107575
0.6326509994113922
-0.1204244555591678
1.249467532287998
0.3519848831716266
0.6829534557955125
1.988126726123491
1.33053962122425
0.9447706445197013
1.725161440972165
2.144330375935864
2.275075010517389
1.342237655954763
1.20135081796605
1.76691902151255
0.9067648702705322
1.060024246850809
0.2863475635019451
0.7883897346997637
0.1635981776126059
0.4472057141228212
2.075498873675023
0.5356852414144199
0.3353650724307697
1.015091163769296
1.205386055760746
0.5805226946785005
0.8711748655839544
1.065824827645118
1.463009928089018
1.172546315385918
0.4835078023227638
0.7651577475914001
0.9841110078891138
0.6055173178555684
-0.148267312172166
0.1690447431232945
0.2861364251838696
-0.05325050413323695
-0.01993147342861179
0.5509486500717105
0.993170398172303
0.2402989358439074
0.3816997845680381
0.7079806672231486
1.503796335637083
0.5152259910803825
0.6923153197526981
0.9369950546357263
0.4603864794758301
1.274655187323779
0.5145157243944189
0.4871416744757768
0.3494387857088679
0.4547595991655594
0.580958755906049
0.6873535343618171
2.712182828324473
1.646400047419013
1.285499590975327
1.085966432001498
0.07289471395478142
0.6824423350462506
0.5971467852339938
1.457885133984847
0.8120051460641835
0.2127808511112539
0.5713269310634888
1.382485737714152
1.101597087416623
0.7599914665648565
0.8666790957280732
0.5170367290956155
0.355664485080452
0.3698577683915484
0.1681031184919454
0.5718055722297868
3.494861512524818
1.452632393790104
1.435946957598684
1.27088630198566
1.749084003226036
2.488888639484657
0.2098448422888604
0.9128466573670022
0.9447277522872126
0.4863425721980303
1.243718624669903
1.534389174915533
1.19086445711366
0.2898513945171333
2.609240747458299
1.585041908338855
0.9864429759150264
0.3712179224326151
0.6008708521109843
-0.1431555465525973
0.3111059477360064
1.49582831216857
1.915724646208071
1.67249017327524
0.9712567639604731
1.074325729639167
0.5138449647093156
0.402939048809503
1.301475382303237
0.7335028001464932
1.42441986403961
2.576955685908205
0.8158732699144926
0.4534296066889478
0.9894227062556132
0.9716480937924004
1.465832388863149
0.5381989441650852
0.4808616236231175
-0.04935189139655161
1.023671244214542
1.04420675659576
0.6745099261067484
0.01317046585998649
1.130158866954467
1.091735842646173
2.593915184456956
1.531546961948073
0.7144999178621874
0.4817042969180896
0.6056720207851299
0.3819022212960108
0.325884451564128
1.286832695360676
0.6594291545372671
1.397387974540813
1.020405445818445
0.4569569855665833
0.1070672727029073
0.971734105181793
0.9767226389259193
1.091845858138434
0.9791670373629185
0.5622410362432304
1.203065791051532
1.142620696532674
-0.2673488546498808
0.43273222676565
1.449730475381239
1.450077244770366
0.7775500304853041
0.6486568145984685
0.6985017013170146
0.77240334947904
0.6336002710581878
0.2989201271621642
1.41783210723535
1.16217791043358
1.833162647462427
1.518144558945905
1.064448966607017
0.3624032625100331
0.9961651292485967
0.7750039569659455
0.5497159467427168
1.276111759307203
0.3851366695540305
0.1206958657215814
1.562603932704522
0.8972611800413105
0.5195281448605249
1.362765146814509
0.85179452274842
1.458758931872396
2.130553457920995
1.507057669653167
0.03249629575325641
0.2023453356958247
-0.5831206161457738
0.9832348248670062
1.574804261006541
1.24341570389309
1.436368493531648
1.796856053171103
0.8185652647370988
0.4786205147780946
0.2307535244080827
0.8831150279305817
0.1691890786146779
0.661111924883517
0.3631478445024278
0.7488099631720007
1.329912537478341
-0.1168085566039527
1.044373477121984
0.8706287326160574
1.458868501799084
2.578535888469214
1.483540306764095
1.208375776353009
0.08205901708104912
0.3730714949922788
0.5778430398853869
0.4670348656846196
0.6334325475387718
0.7182468241602477
1.282202557622952
2.026384997749178
-0.1338243694402688
1.245885334985901
0.1182764468730845
0.3860010563307987
0.4265523766437924
0.7467597807638828
0.1662109794578182
1.202167744007808
1.108330231588947
1.337553053204486
0.2006861327851253
0.3016555481016745
0.6659719513808746
2.81185335951059
1.105221107892907
0.7943422245995361
1.07382651172316
1.556092850828185
0.7351212809034353
1.019904450692253
1.125623869666514
0.9473928470351577
1.693946980435899
1.05959035278603
3.045505086679722
1.200238658799007
1.04530853793366
1.787777181641306
0.826074367954052
0.2336861846032455
0.08743526459031292
1.088231044253424
0.2622558073800852
1.879521338511271
0.08662105699347566
0.3251453971195873
-0.1777089560639007
-0.3980525238241663
0.7567907167644785
1.267060902417897
1.17036837760565
0.6838064911317097
0.1170337975684594
0.4407605326119632
0.07405910843177232
0.6690421336193367
0.6393845827403928
0.1890859317384556
0.9816939508207324
1.518566188022052
0.9241304043034159
0.3380178641551272
0.5810757175654577
0.4157228998942988
0.873103250997611
0.1743957989204662
0.7870947197257626
1.609029869372117
0.1589821036411125
-0.03091621795386845
0.5161815985844447
0.2702704706109408
2.019990484847797
1.775233207692224
1.476948767310405
1.667186319967956
0.4783430605387429
0.6389772567343035
1.74644771318902
0.3024990237580295
2.561453470657839
1.601535162084498
1.031333462917014
1.566820437766245
0.3022200272343145
0.1445689953489993
1.036080520503826
0.7283952037521715
0.8168707563984935
0.5430390090931867
0.8110977571854642
1.225456962755535
1.066750409961732
0.1264876369954727
0.6895204376328139
0.7696394655142351
0.7142176377068947
0.8468806798145372
0.75923517474272
1.601245153672946
1.053108015012854
0.7292097824135901
1.243790092798518
0.8553764896846308
1.85944401398271
1.013780141970855
0.7412493842514122
1.294560774027674
0.07992937910888787
-0.1624507683863901
0.3630693810011747
1.748396602107988
0.4485786848674252
1.532299133467609
1.441911930248156
2.569429092179354
0.955028044874812
1.371099602276426
1.35301512658383
1.926716167847712
1.808171920560676
3.275986876856049
2.893107636445401
1.283719524263737
4.853180768471289
2.355272555785743
1.372105123271174
2.331730214494318
1.164974549748098
2.854847007592408
0.3393605778286468
0.9343981959449027
2.329582009028924
1.140141797182964
4.343733105851658
1.160319568393738
0.7177287524649455
1.548597548476673
1.142191892991693
1.549592276855944
0.3919335582204315
1.899210530426581
2.367338002812892
1.544924520530163
2.371686004944208
3.445046695656151
1.945261691553717
1.848361092436261
1.291105081937236
1.962517288390267
1.915253579913078
0.2315160761643305
0.4787344310122377
1.125237813800008
1.274328532391214
1.066956425565866
2.745716300626095
1.490910384826326
0.8420957840584549
1.488647626683226
0.5569759267388199
0.8139911619729914
1.275699210183775
0.6421215003323532
0.2257070067456524
0.7516444178215319
1.381688226589275
0.6521593031373374
0.9684442260702338
0.7745633747763168
0.009043656683415113
0.5061181751026502
0.4381100409608467
0.9705413559403857
0.9222314248044512
0.03174114021228258
1.538459355859808
0.5158172820763822
2.373098017499772
1.057946476132913
0.8867306430052525
-0.0107410041204461
1.041935655057617
0.5033096313610905
0.9559157453396314
0.6595270358410705
0.9709851846915097
1.45338064593862
2.822679558899502
0.9275150871916592
0.2723016018274133
0.4882973762254063
0.9174178628734179
1.342027543542662
2.704552340290865
1.481645414375794
3.931086361210764
2.382385724182259
1.458976347797221
0.001776581347641581
1.939078266859072
1.712738322735182
1.72961390078961
0.5294665408458152
2.37875098180591
0.04039912128284739
1.167742058856726
0.9836086259167175
1.128555429119232
0.4924960892753348
0.2043438207989531
1.631598028278378
1.743616413998983
0.4806891239972653
0.1138407696134988
-0.01134242498201754
-0.2329087495262827
0.285703009388918
0.3370706840509599
-0.2956378963672015
0.06315385607874824
0.01540813696497767
0.3743545845133555
1.62243688182664
0.6159941618451745
0.4191104961591415
0.755887268103614
1.555560861501922
1.007499283599304
0.9729284072463578
1.254698932066182
0.6744939441448092
0.2893568481230392
0.3647746384895134
2.223985770148345
1.312272281755917
0.6523077759161411
1.344208269117688
-0.4240275815416112
0.7168561140959817
0.8913158802184027
1.258796277695483
0.9295576489057612
0.2033689544118795
0.8486869716001277
1.27654547737156
1.503923837742294
0.800278469877082
0.2349445502589435
-0.0876491169224527
0.4992871177435724
-0.1206911236572952
0.4412654717701092
-0.1065805513440308
1.616831357522694
1.22902898810623
1.106418730848329
0.5434926562389246
0.4535124113173974
-0.4046878769006095
0.6029548951979691
0.7316545113586004
0.1042305391234819
0.219488181721239
0.924152927028597
-0.2709774715783153
0.2801226363049785
0.2792481131888249
0.1328715352462824
-0.01126107137731869
-0.4435225108589096
0.3521968171996733
1.146764008212929
1.353019476178796
0.4810434310624263
1.021477969287142
0.690938515087266
0.5888060876467884
-0.1114197030104174
0.4594535871366792
0.6095712969845002
0.4836039561149897
1.679367748540429
1.129652429530032
0.8725363603563464
0.8996114007811044
0.2930966802114776
0.1523079602317434
-0.1122718620351808
0.3113687108662959
0.3100213831523497
0.4027739624774368
0.611281833935919
0.1835152667614547
0.00548529431197653
0.04850694319269666
0.9708054889809652
0.5062552701483192
0.6386650379285861
1.004323280195238
0.924712847674842
0.2129301079479714
0.7467232811768111
0.4173829942103917
0.4812203237831923
0.3360704440304425
0.7261982204207935
1.522279583996801
0.6671418387456374
0.1859335040454824
0.1498973321786723
0.8641643261574203
0.1704442688960709
0.9342911249065654
1.435270160771484
1.065435985026969
0.9453235310019875
0.7049652862076605
0.7359360382104316
1.445674232186154
1.482323826111436
0.8783042738819775
0.7294877278227103
0.0546066205202419
0.2313596158172661
1.433727450105934
0.7331309165607767
0.9328688260020414
1.02531415597804
0.9142692994083688
1.570667955775298
0.7738679741869519
0.594478294985586
1.154915682806136
1.422282618306999
1.797067959212557
0.8196016222586225
1.635539431050308
0.7361076132195911
1.197483337435095
0.168919847330021
0.5236083757727624
0.7145384731038754
1.147898337885277
1.102180595688615
0.7737702775003468
0.2603555562933829
1.360770885687884
1.273594353953635
0.8414971114722956
0.7253368096898376
0.4524940558551005
0.5294993962545291
-0.3861908105680121
0.5578590029508336
0.8240878243526569
1.893644439092049
0.8293449873775094
1.015657626385447
0.7565038406291309
0.4521553674348973
1.09482310588382
0.2174345242863046
0.4004911266220988
0.4935711513082683
0.9038457845718626
1.239398249518794
0.6962799394115331
0.4531370524102685
0.7148468904085015
0.9900188765983081
1.33917932608089
0.9540630041593878
0.2114937376176509
0.8928013546288133
0.4418834883161813
-0.008250299305329056
0.04352082068355412
1.145002124280238
1.220013480085532
0.9840257162205711
0.6556138813634236
1.235133419879067
0.7715172586513094
0.5945053834779918
0.8332864016728414
0.5397172295022883
1.370852386318776
1.741448455732243
1.241452816641541
2.101711435715632
1.139423531354486
0.3735612085714217
1.027301241541697
1.402331590242893
0.937447673626117
1.209271899120611
1.846453440197728
0.4163813051137086
1.278650863150263
0.2464887854044345
0.6220310593490688
2.014309921940567
2.252547029498527
0.9486105013913791
0.5594318591671765
0.01369291050295174
0.9751196627578269
1.016961030700711
-0.4415942884790913
0.6505794298100543
1.003668325971952
0.3511461233892668
0.8716475036984286
0.3357666118634494
0.1382949766491338
1.041753165743643
1.5993257190216
0.05759691426826463
0.6839536264588068
0.5488141779808753
0.06561105586823079
0.7831518910633474
1.089693187485916
0.982457603044065
-0.210695973871623
