2.114208822820547
0.7168215079441513
2.043827639305693
1.664825017527488
0.6819997051096015
1.359990208696703
0.7300176732371962
0.9748474603061795
1.054602654377271
0.6689791570049889
2.454685251962303
1.544173692721178
0.8296927915110905
2.520902674667821
3.771295881238042
1.945703165263912
0.6776301908264317
2.38732938711074
1.059847091103698
1.139690299988149
0.9989321990367717
1.586113754242969
1.243115123112435
0.990577055214692
0.9619831015709032
0.8749848165721832
0.4509735762038453
0.6921861231485361
1.229225733320538
0.8724997549211995
1.437523001237659
0.6579640269853606
1.393455911764633
1.061567506813318
1.59703014997022
1.55780981584723
2.00098850250339
3.431360838485467
0.6861396022407105
2.724187318611115
0.5521981637107314
0.4941680990876253
1.894439479503112
0.5715015312206611
1.742852404296363
1.535804793395397
0.6261584794585848
0.3241632736419318
1.931639528796963
0.6717797559032934
1.988510832122395
3.560500588991848
0.7109996906556657
1.529882784381892
-0.4049779954735463
-0.3175318780054189
1.893707603200909
3.187711575511222
1.564467712943626
0.6236955920489362
3.249890034735214
0.6069320254259025
5.845821098940582
3.188221424723965
-0.3738377086038388
0.5278642753112408
0.3019325111405015
0.1186547539061199
1.128370624841462
0.8213121875731841
1.19878961610296
0.4598068507003734
1.141516920910719
0.5605662268460117
0.2834680716795143
0.05478629649471822
0.1874970883287497
1.367901472015795
2.733470267186956
1.013645228761227
1.952798323637889
0.587707916093549
0.9853875602440963
-0.1419734946477577
0.793680679477758
0.8081515760886425
1.605400161364109
2.672491738867742
-0.2825040437752188
0.008889466763206455
-0.1642483997277929
0.5990586982845546
1.02796933829844
0.5944616860734664
1.943494687475581
2.305972757818071
0.6427401341675929
-0.2052729017336495
0.6026510051275622
0.6975283423990125
2.334064308544371
0.4695567249760176
0.9634662205029426
1.055907796747212
0.8864092121934368
0.249377089892179
1.220982715812111
0.2332805693812252
0.2108524058650507
-0.2251988952525442
-0.6092283767295547
-0.3770791862034809
0.4861686537022342
0.2666560359427183
0.9352010609320198
0.7835298420722356
0.3130127117152377
0.2480626997309913
0.432718582735916
0.6576159893129019
1.292391298863467
1.325122988082634
0.8472801523312813
1.933708068247396
1.006135340090458
0.3883710816619262
-0.405065661552772
-0.1644487962153892
2.569418521491326
1.082058589153085
5.499130445018008
2.23249947608494
5.310061990051383
2.028986654992607
4.286080806087407
8.221979865080529
1.982049589439804
0.8680818663614044
1.081411982423912
0.4093594865492924
2.601382422027971
4.79599866068833
0.7914989348357562
3.33602698734747
0.1471597729897977
1.167554813493495
0.9690144711814197
0.07840192235239041
4.077586073906684
1.683464766198882
1.691176892633006
0.8131613658323668
-0.6096634406786591
0.6146906354364764
1.08161301707054
2.101087368646105
1.894716780901325
0.9244302770350369
4.962696275630072
2.242251413225089
0.3769543392288557
0.1153133147319424
1.263861649416776
1.329769024128845
0.9953711753182315
2.164998530365398
0.7157667313098356
0.454228104145689
1.157187633569921
1.2075307171809
1.603707077606289
0.8457526000163358
3.632888367638652
1.249568246541987
1.937356654124543
0.6340414185268349
2.374674047585913
5.291507741614367
1.875649254115764
1.559731698695116
1.629657348074122
0.8056037668380259
1.555741065915944
2.690140845240991
2.726160081252251
0.7933915224700618
1.523542341667595
0.2162274010978135
1.505126264421777
1.357918965361097
0.6958621057463772
1.632817408466069
0.7208149674882405
0.729500002048733
1.700537910135149
2.003398815552176
0.466634049976405
0.9533886405881669
0.9120342599321636
0.3380373277126194
2.137662775473236
2.859067913359286
-0.01439428214185823
2.187791397073396
0.607935179745505
0.4647920618766788
2.215532256313471
0.6848905561427662
0.08200718370423343
1.30138940052905
-0.09835229107836729
0.5765324392371589
0.3656781273484256
0.2702572891218846
1.257680304968924
0.3319785035272295
1.11149334569302
2.000727038197944
0.4508352969574018
1.535983974837065
0.9006327236161593
0.6819117332581148
-0.9277932792773312
-0.1651296640361725
0.6358270647187239
0.8865517991428514
0.6770018141476006
0.7375658128964044
0.7987473247547576
1.362848612478957
1.548821135989171
0.4849341240972974
0.5332096174851928
0.5587134733316019
2.658021899467914
1.685151789854676
0.7755362324229447
1.049386360095837
0.02115151441751373
1.507205664424758
5.302980026974776
2.727303887892916
3.091035454122794
1.331148588839337
-0.09529700228000271
1.528708132015383
2.024708152077457
0.86125653146614
3.55415653243425
2.036444183549231
1.41490624226859
-0.01423912993386256
1.106237513327427
1.426231595315054
0.9915504499433416
0.7935613239004543
1.111310265104368
0.6307630307086051
2.068392548838412
1.655541702689763
1.210563980262738
1.366633646515549
2.088573100460275
3.350605415792959
0.2076397579506454
0.3854187319163261
0.8772105351707624
2.644675168983609
1.166862983153742
0.3029006903837677
0.5608502121133001
1.327381327277015
-0.1966556213772163
0.7940155737430108
1.217726877812696
2.032615888722919
1.015117756219007
1.362697362984924
0.844511764114503
0.2136972496737209
0.134083769172326
1.84835924270861
1.06463623033056
1.134917090856842
-0.1754836408891819
0.07523847940604655
0.3983124702224781
-0.2468727678104167
3.441982373565364
2.0040662224517
2.748657705044938
6.369075417130253
1.530560276917209
1.209817270305849
3.906364597735288
1.382340487979796
0.7600925718445225
2.164888540823491
0.06891271529698273
0.6430123277274509
2.45987338673199
2.797503926312688
0.818281943534907
1.423142785469424
1.425371113682044
1.416024630531534
0.8030466912663916
0.7099489095666266
0.08037867118899722
1.16041044839329
1.82297447230458
4.535286298019667
0.5479946709134955
1.457431448703514
1.217354882859561
1.736726909434352
-0.001299706287503422
-0.1738337869275922
0.3297491022251292
0.4260012594777373
2.07824910161591
1.096202668248632
0.8626253983714451
2.535749530287973
0.7397296871223012
0.2608153606831279
0.7379115792406639
1.196951690948325
0.6500513425861547
0.9195071306806005
1.279161685191831
0.7554577586453191
0.4270083217923946
-0.2658002584817042
0.761097460122056
1.198129726929295
2.943468394192824
1.538912190079353
1.907214293707201
1.193362752884345
0.7073750711878974
1.199621010114321
1.283787503883556
1.581651723061402
0.7917028284009123
0.01235984832258907
0.9403104924672314
1.732872205457753
0.2318836116286739
1.444180217426591
2.65782790873493
1.463841574456872
-0.1606299625626487
0.2707531138010267
0.2178374081976291
1.020638399215564
0.5163771394381668
0.2867874875505295
0.3888005250574355
0.7930395545303224
1.186878159111193
-0.2012306911835441
0.5441641000896844
0.4462873034792624
1.803919100893504
1.368792839361503
0.8679854198039438
1.430524092638546
-0.05654155937896432
0.2938523398391794
1.303718113800931
0.6847041270027447
1.32965908962455
1.479624752038403
0.3053225156958408
0.5266800145858914
1.255620377250605
1.465263759901598
0.7597940762977744
2.068769842193468
0.6901863828450994
0.2031113364696845
1.889998213165744
1.042904163405826
-0.04399250031315238
0.06314877719573819
-0.4961818910196402
0.02332629498516736
-0.1434131156752224
0.4075888153117576
0.9004410591926109
0.1468346742586454
1.253916343434698
0.4028698231444625
0.332568396742385
0.8258915388661312
0.1554281837038965
0.5053150924496396
0.1296864646073188
0.6429028860490122
0.5921296387027493
0.1857068711835046
1.441708346119619
0.4718780015614273
-0.08986224015099598
1.396095009801597
0.7747629901107983
1.034819128497236
0.9422930693845516
1.434774781634619
0.7911897047924025
1.311939679770074
0.6446507439102456
0.4913176029505387
0.8506270085845387
0.2895942435554663
1.116655347383234
2.495520986692514
1.301327316423756
1.332108507691921
1.088175238895532
-0.05382801810304072
0.2424656857182135
0.5502498616329798
1.133500383580026
2.348320677835647
0.7355433144295983
1.887667766879514
1.946909050383197
0.7487319957017888
0.7601229289652816
-0.2170312347960851
0.4841642823980224
0.1709267368566969
0.1782654774531419
0.02671350022457231
0.653543765652066
0.9126713153267244
0.7176175476534821
0.592622580877854
0.7248952297114579
1.251370839548656
1.183438124183196
1.532426999253319
0.1715613373041281
0.7005564122988962
0.2159862227369177
1.111304973441118
0.8073264650064498
1.028925442016906
0.6918352319419829
1.285683576554684
0.1439945407607522
0.6303118518863504
1.106519291700521
0.8066230719242429
0.6534071300687788
0.9574773862655435
0.6152560059248309
0.8618956286189735
0.7877014975175461
0.8426739141972298
0.9450583873781905
0.5690267702762251
1.200038209069921
0.9244002173559058
0.2896835992030202
0.5776368107620464
0.09060519875620199
1.066647161959268
1.583500908991873
0.9985852663512762
1.952005081047952
1.373196883487991
0.435066378315055
1.035018603619791
0.5393332221800256
0.284747145102296
1.823440753107847
1.597977178491288
2.013395235648293
0.8835712202375225
1.223873942978514
1.297749127625111
0.6866911211863194
0.3928835580782656
0.145471776583991
0.8556630886626954
0.6701353279579281
1.033777797304394
0.1025217505502138
1.504103093229845
0.3475493651126875
1.261018648057278
-0.1168343455276203
1.309150324220051
1.572257981105888
1.517566800236977
0.9100099860712589
0.7767583199661567
0.2301057063824034
0.1543331948422282
0.783471978479324
1.13417290150441
0.2051123882020883
1.458884133029499
2.395601028144909
1.552416727085147
0.2952072902054814
1.509280137502927
2.256190614155294
4.190231984725077
0.8313151002621283
1.034802620678535
0.7510659373473628
0.7902969800512116
0.4939619192383906
0.5550854053539069
0.1324777243031372
0.3746981967649811
0.5983631714915526
0.3222154290338508
0.2013384460415757
0.2727872720302631
0.4756319553606692
0.2246077090217325
0.9554961327697369
0.7016365135496434
1.066498938305101
1.172037761584193
1.136187094540246
0.9492885653572866
0.4764156353665859
1.663650033057444
0.05572018286894931
0.2556659455494902
0.9986305407536445
0.9228511479383477
0.2462205596668852
0.7374252054103931
1.861785400471997
2.035560101892572
1.419376978594832
0.8064882842892951
0.9003916090535302
0.2684856774211054
0.08139933902361651
0.5337107215987549
0.2888637079765562
1.016072012852446
0.4928284337733967
1.172876088079679
1.603286782289812
0.1624183506525765
1.872042394175785
1.092226900768304
0.6116638305549069
0.1767359312848222
1.013573433075196
1.026784599865855
-0.03002310083184623
0.7395082878437261
1.048383070790924
-0.04040645327836712
0.3428532151965012
1.47048252286352
2.141999949696754
1.254447212580067
0.594225481312196
1.108927212449425
0.9326140058106475
0.6493142995301313
0.8290235279596276
1.08788815044898
1.279656399248859
0.5168287564950231
0.3906574759913372
0.5039996108968883
-0.1900921056329375
-0.8190357146979116
0.1265620247845186
0.6789164653139288
-0.225901858283582
0.1537297129907
0.8885194575870692
0.4171314736707884
1.310411561728315
0.8449212477889949
1.008052474096588
0.7125666800291324
1.174769235713788
0.3784972242048361
1.267048381898466
1.074804361424742
0.8259201492740651
1.157331467078484
1.566497652317765
0.6940867957230983
0.2857538498150624
0.1402592550864386
0.3726745022606921
0.8241180705787546
0.5490896002051129
0.08370013152842726
0.147482434730466
1.163858191710907
1.29153537530325
-0.5623651648001361
0.3086339519245588
0.6546135280656855
0.9483497333361364
1.33890317319426
1.219539372567185
1.612459519391413
1.16162798887409
0.2889255134136915
-0.03621477278689456
0.8035272185413658
0.4493974410816064
0.1247997195247917
-0.0602897381092059
0.2334483484810065
0.3226286735129532
0.2611398947119354
0.9893417941676413
-0.04154911888427859
0.3923572123205225
1.086267521573613
0.6595871631468873
0.7593133101368916
0.3502438952465027
1.178462912185758
0.3678703485451091
1.452416509897777
0.9596995271089357
-0.004476515474966747
-0.2738733679089776
0.009451059151713737
0.9073272363752631
0.3808587993078119
0.06893896475383965
0.1234102458736686
0.2707984158646221
0.05214544716061942
0.7874944635123098
0.1623685584500325
0.4634598570325815
1.690874249720587
0.5521364037882328
0.9917966169019155
0.623183611199134
0.462607270233614
1.239875418928564
1.685948345685904
0.4681078023122982
0.02206484507112394
0.8015514654490989
0.4562867090903961
0.2534814731593065
0.1550305597534353
1.309987187862522
1.447185253033389
1.542039331781133
2.036230430405547
1.986178699066996
1.654513643203254
0.5268250273188786
1.581998395129365
1.887951697172369
2.502035550537439
1.192895749727964
1.790649856720851
0.02035791947254495
0.3770972725009132
0.4234261820672964
1.729679163454472
1.293952294260105
1.829641823233579
0.9028505389192433
1.243885050339025
0.256931676847554
-0.2723545099936165
-0.3658778961646457
1.238001151832136
0.7818672429666395
0.2441922173089213
1.089745668818698
0.6859992525027938
0.6069414935344137
0.7763544975212716
0.7530208198364468
0.2920215182466277
0.3777994268380502
-0.5153530085871366
1.344277611264469
-0.01291537418117306
-0.6734619295805219
1.297318258018242
0.9724950964186636
1.011420016178608
1.790815780995992
1.365261008670867
0.8565146527969525
0.8779641083079635
1.151125520414483
0.963945912354765
1.189222958435688
0.8727877111198885
1.196589126254963
0.3730701781223026
1.023602927809807
0.158982464986582
0.1743110667818482
1.030300380153211
1.622696199664906
1.892666675226321
1.07629312931282
0.7803507989586421
1.001290641761733
1.759680939262507
1.299224776951225
1.098390312228782
1.451089664466987
0.7648780389240892
2.368808964866244
1.425485689821616
1.261827830788943
2.528404286800243
0.3456871382599641
1.714216595153696
1.230857653282211
0.9424650831091339
0.07594283210361752
0.4015922038875462
-0.3029428604495589
-0.301859402872045
1.192346218451242
2.805779597024906
0.02306444310211841
1.625573872426199
0.8031085322941981
1.332687036104411
0.4062365849849497
0.1727324403006224
1.166622764522926
0.1783991148394978
2.269717294770083
0.937208837372821
1.229935575451777
-0.05909266374967459
0.1482142767237528
0.5607790293835349
0.07101424108968946
0.4611028253845507
-0.08348940678042605
0.9817623707591252
1.315392850330657
0.955497278198435
0.7624675398409766
0.832036288911964
0.8416445293392778
0.8071309737479833
1.648746228357176
0.8064645894118575
-0.1651181776452625
1.472915433004376
1.114950170705507
0.5346150877357855
-0.4279308110905286
0.3128402431757928
0.5119543120426587
0.4806069723027953
0.2131438897129344
0.5305364627348566
-0.2971306795394434
0.6002230305048616
0.9884849998371676
0.6345372489845119
0.3472201783619263
-0.4814550067469446
1.846194799881756
1.403525193283958
0.905035893624592
0.610827908611955
0.4774126819455744
0.6721085400276086
0.4331959393731117
0.4856093723488411
0.8069917188344856
0.9321786193620134
-0.6796907356616094
0.01585931292346066
1.289524940498129
1.654594781062601
-0.2211382245877987
0.7922420026369088
1.415262356735843
0.447750276056714
0.4908492534156859
0.4944261255380357
0.6946192681937429
0.6131328789245414
0.7707278682965975
0.6197171699144419
1.752552462594173
2.374222952410167
0.511345562073072
1.051892314649531
0.6472643221545291
0.2942587845239808
-0.1798644935642907
1.240140670906408
1.397730388071571
1.422275651290181
0.3541594767345764
1.262394593345519
0.02050363137376421
0.5651544444177812
1.039569734457032
1.042658005070674
2.328528225239853
0.322032684419623
0.9321347073755779
-0.008533706958319898
1.347700693118496
1.585352532838241
3.379356613547253
1.649618796603466
1.089175746117376
1.943854850969702
0.8453073144075869
0.3628947801939838
1.076290571776147
1.198296648946083
1.170483654645265
1.547622595908962
1.770929977322984
0.7949249506330813
1.848728178167096
1.096414259141771
1.893938682137391
1.066483110269686
1.551110495278201
0.3958838936841881
2.78438415501144
0.9751260707787104
0.6685983577693568
1.155431668184232
0.06842357461662352
0.2841719385470366
1.114526532646704
1.407122032544606
2.711258627224238
1.905627430067757
1.145957564642871
1.863711102228303
0.8465503428397426
2.486078880485343
0.5595032975212022
1.035972531972595
1.278379381877766
0.5550440597246407
0.8004096303017966
0.5521532169359846
2.325548189854141
0.4583714399576055
1.778896849914454
3.244586218376062
1.978866185843625
4.837862597948018
-0.1414170955176833
2.033987207836993
2.803262657059162
1.389222859443071
2.021486294945932
0.7923610451966721
0.1387458782053571
0.3069229529995907
0.9684802414113457
2.19194694463865
2.7331272457557
0.7106378802239148
1.17948288149572
0.9387233960713851
1.424082020523593
0.291285901226813
0.8929405027874051
0.9599266450102327
2.452866639376595
0.8868897749603637
1.903508631422359
3.354355887609143
0.8051375512789488
0.8253949820397705
2.439422243996451
1.494510522855265
0.8038768905589169
0.8665343849085654
0.2762680461595466
0.4976380228116539
0.5268392046810416
1.168516312764678
0.5102209867515277
0.6365350809408696
0.2345166264277625
1.27084176093611
1.311504669998193
0.670963631284506
0.3270829841582398
0.6407412984354202
0.2377801876792348
0.9027360364320145
1.027331465705096
1.647964014262953
1.31389278101447
2.22565106088365
0.4683622221226639
0.4520204935634667
0.8933202580502148
1.056905264339976
0.2521433318115526
0.3976765472230441
0.2731552999651328
0.2165165424324377
0.7489126900083447
0.9896156019902175
0.5166446363748077
0.2080509564077556
1.039351276509867
0.7081324622218406
1.369682166381782
0.6677733318795609
0.7133250758709409
0.1392674496535594
-0.04172911591944495
0.57960157174927
0.9951079201641008
0.5652077499858579
0.822214745970172
0.8045343387516249
1.008019096112862
0.4506504095922811
-0.2496165547135986
0.6877802339281995
0.6779544370244995
0.8852288931908076
0.057646424388486
1.764219678493915
1.555613939058577
0.5535085339051331
0.9157736960313081
1.450504201366307
1.896912139510161
0.9420270495990679
1.309459460423879
0.8891702207578612
1.782999229793267
0.7119073425895569
2.830601964211675
2.132613586055099
0.2198451925162944
0.2432041013735055
-0.1503868203774911
1.116828579778509
0.1865178149727049
0.2967635455581008
0.7422837832179559
1.000420469999566
0.5567499933086407
0.7040260963699474
0.723899227673382
0.6433884109565545
0.4709167456314947
0.2452282491334793
1.127353844620229
1.246027283703999
0.620759069668787
0.05222558135693323
-0.2792848489639962
-0.1949832495417702
0.7513105269692181
1.118162807835249
0.5222493956958419
0.502589650057838
1.335685770390107
0.3384787584283321
0.6704785541331226
0.3283183529378334
1.869185560897723
0.6208911371866994
0.7217449287743387
1.118768578564446
1.327353836270396
0.8821954222659796
1.319835609801609
2.055676901711173
1.703506350411239
0.349418971146581
0.4573502011153786
0.9812022355163695
0.359274480077891
1.191859023721577
1.248784041047863
0.7248032412056885
0.1618525753084598
1.144977123436376
2.427265611660103
0.8475421182630766
0.1928032809402422
0.3376119322930942
1.07266664806396
0.7117203135487624
0.5586675649693995
1.241953015714214
0.5333180072944326
0.5090245964393315
0.5908901457103308
0.9135504905921558
1.076202201152763
0.7781414699802781
-0.3257027271740726
0.4252461124869606
0.5594408030491373
0.466141585308378
0.8383411084132342
0.7803052044005073
0.606570226907118
0.6492309432552383
1.074389696680502
1.917619400425132
1.291178193597399
0.2570323868552934
1.673794311207925
1.966572800664562
3.034133923758651
1.147247136719036
0.1344218149238623
1.085256227525436
0.8383965910249176
2.045548564499982
1.664629719212911
1.807224627757605
3.836656476824261
1.794764292537817
1.013767433127301
1.803750838147121
0.6369299312617268
0.8393901765302475
0.5070992264232361
0.2342590264422819
1.23013318623595
2.939788916768558
4.437724606818453
2.904219356160685
0.1876459913873393
2.162601545146098
0.2346763046185624
1.329330704175777
0.8233872910962412
2.716372575821429
2.305823391449413
5.321391843406641
1.908650795979924
0.8675143316176687
-0.4115633545091949
0.395560040708559
-0.07414905572232178
0.8321666093314921
0.8588868564602044
0.218778435882922
0.1939738626176692
2.557303780022983
9.055071387792053
3.852522621546357
4.198550205295564
1.477267353573541
1.649576961240174
4.11843841680396
0.1925988808219965
2.036828587796745
1.697893390183349
0.9560500319302708
-0.4520702274555454
1.19782612612731
2.71924413535357
4.173701282064319
0.6219797885339011
3.459832214989456
0.4873836320339232
-0.0421078025183016
0.04476002359645093
-0.3711411692144578
0.3047697635261679
0.2613590849954318
1.110389440091291
2.250779739405075
1.650366250186468
0.6381397579682067
1.47609724233426
3.005519796801209
0.6531604510256589
-0.188129818182878
-0.05380595081562622
0.9325955135133268
-0.3006609556776348
0.3407345205958715
0.7941606106670729
0.6077132361928912
0.2086332735789377
0.5451024804867409
0.6931014146940354
0.7980288917115835
0.3870567178569317
1.279815461320722
0.4636296533577715
0.4472947293410255
1.255677364220164
1.516989930206785
-0.08232497171377695
-0.08991072379582621
0.3056238721863256
1.302556513095336
1.080259798420273
2.829940656882049
3.011416054676205
1.120139688922239
2.884649992372154
5.333924931074264
1.173525948146431
0.2890885931420168
2.929886601190803
1.74681910955762
0.4870830125003259
0.2118975201188996
0.6387031297678101
0.1258806972934532
-0.38563085540944
2.539373538749325
2.041580228957984
3.299278537396301
0.7690333774165679
1.025983835132246
-0.5081161280805818
1.239409598299416
0.6516513595090894
0.6240916558828401
0.6268717794489007
2.186079678202375
0.4043478652997616
-0.1035181027034603
0.4472292118053017
-0.2234555272745443
3.024785532984768
2.87749955221046
0.8207188981415057
1.70532687398211
-0.07418567979139523
0.08478353495038315
1.497371925500767
0.6813661001668608
0.1552648569693387
-0.02360492406683712
0.1523910675174663
-0.4025921747873232
1.066765239050158
0.9037406488926366
-0.2551874885819218
0.3204917224537833
-0.3585890129785699
0.3640129149147998
1.716338662503527
0.5822771254705303
1.807947594999549
0.5806758795137423
3.033532238675177
1.544052657125099
2.204446333421523
0.7143158084708239
1.487941060235965
-0.1374229398125727
5.731992686649634
2.054508392406484
0.9189563397961431
2.571355584650472
0.5192187111373905
1.983980641888546
0.6881177909943506
-0.04336803047470783
0.1035508945979577
0.5186929059007861
0.946100037876184
0.281023524772869
1.494091569148815
3.149194050987121
1.4641807512506
0.8751991087898957
0.8983113302220309
0.9005262946358903
2.3217478487309
1.224156121534762
0.2750178779903281
-0.1419548562882372
0.7094731439127713
0.08133007271355508
1.187418202264807
0.5821147300974707
-0.151484467768472
-0.0119377424860424
2.473167788949427
1.478890771365008
0.9150670393287895
-0.04638242030129003
0.3499951357783359
1.360279691027941
0.2649723130233019
0.5495826180574508
0.4783093330732018
0.8928347124366273
0.1462878611568597
0.09978386481646295
-0.1871748329893536
1.35981245962498
0.3788373669587988
0.3797865319351401
1.754870228545488
0.8204679802509935
1.69064513541771
2.732541807604767
1.012108272998832
1.776848058529153
0.9199325356054759
-0.2061966232082907
1.79716213785874
3.13220620709077
1.658499038647039
1.659383110625679
2.333767488021467
1.332491694659999
1.308945972764329
0.4649850902892926
0.7077380067671244
0.4049993686180995
1.40533644081276
1.395109053811528
1.244883735752311
0.8692435051119634
-0.1608697770974467
0.6367130445506691
0.1567325634325337
0.2251800884800355
0.4816809355008249
0.674570090854859
0.7182076098979732
1.130343497789331
1.719828087386814
0.7492063711297866
0.7043585720092038
0.3909911938468769
0.3049774594053953
0.7372403517979008
1.483884609331563
0.5464032599095521
1.868878546102106
1.466081144164895
1.644574424056251
0.9762922525290633
0.6590009580339397
1.098199140124086
-0.00247938571265871
1.568161636995438
1.285912747408333
1.535744468295742
0.2767819166019208
0.3212010433340914
0.05994383705681494
0.2919796984669289
0.4145003166639595
-0.3681001137719663
0.4890885464841218
0.0110145317354331
1.69573041538763
0.9514522923430433
1.73110890292016
1.031803738778514
2.015144288965839
0.4768113261041639
3.062979172750545
1.456874021294096
1.358321479401804
2.825237934526185
0.6626330241591951
1.110430619480691
4.998024063635157
2.520568651843925
1.012131046474231
3.037197703289451
2.084890534828095
5.199149632586747
0.03499079676290373
0.9919902084379733
4.349524633362092
8.694127746084886
3.785358184974271
0.7681124814078313
1.462728108816867
5.226097207320016
0.05083100069217028
1.400531862375058
0.7643589792363448
2.679901762927637
0.344284160044764
0.9124461429491656
0.8011780205019015
0.4183582241736368
-0.9187918936371205
0.08123027507965197
1.182562599167952
1.575817703118349
-0.1294021570625482
0.6244492014966719
1.477178261617738
3.236913552865731
1.240101710601498
1.370052286068204
1.219432406313601
0.9059009378702386
-0.08963300506381533
0.187648853874269
3.344658092399769
0.8550662609940527
5.254724941842261
2.805518376103642
1.238074114524498
2.50677451062698
1.004866704086096
0.5448664117410458
0.1736692312770876
1.683295460966262
0.7311232478699932
0.3080007666259454
2.911398718153617
1.880577605085416
2.219625922333037
0.04013269170889588
0.9376984976499809
1.419118793372166
2.922263434746086
0.6372771101233061
2.929464891619031
-0.05560884156777679
1.387739377831118
4.924753212133676
1.045397188296093
0.1304367391055616
2.763574654203798
1.329761506266436
2.118967975707984
0.1366960415515106
0.1254078817292608
0.08645799248379027
1.6124550173516
2.895019395421706
1.40784921313448
0.5107825065503794
1.687165920911216
3.60639244336189
0.3369444111354951
1.882729653879631
0.2148571389784332
1.40145947013867
4.014288571947624
0.5987616759996395
3.235732671146379
-0.5748303692669884
7.252973262466354
2.338606088041478
3.151216121018388
5.664119513104195
12.36168221493355
6.494994886978417
0.6338100220515972
3.028571364111943
7.011247590397558
3.005327266072632
3.408114331345836
0.6476878017871294
1.719840851025663
-0.6935018824090856
3.397417430942381
7.321549257553304
0.08154760865357047
2.569478470893592
3.360409133717282
0.8794287489026141
2.921579269853424
8.268142533886515
3.185102670713143
0.9592879140240301
1.257073375901856
0.1695892988472016
1.015576056841628
-0.5060994040396284
0.02969935917208644
2.08120885205952
2.686311249787127
0.6203791347875613
1.098471121338637
4.213280866953837
4.532291997570982
2.28086912463369
1.277296119366597
2.822333793148167
0.3315952879328449
0.5285242463544646
1.038931232208703
3.360010592802332
0.5242941865308255
1.159897812251483
-0.2384503701613802
0.1961113829895147
2.759383118672984
1.426804393963508
0.4861957158516761
1.157494330908242
-0.5477223361348672
-0.06722186167953115
0.3032494635568942
-0.09206692479025358
-0.05216453017987532
0.3276944021394864
1.271246103563257
1.639546766359568
0.3019707008379732
-0.3959747461659585
1.573405022635599
0.268624428899798
0.6303319639786318
-0.2006840241842186
1.577951137901128
2.13364005425365
5.357683499195653
1.990188693180858
1.623522645471156
1.021113111629856
2.447943837704648
4.144127646577455
8.340144136726451
4.636731500115978
-0.1659428612054684
2.241159410509911
0.5406563865978173
-0.738874161790719
5.19455018928009
1.646506886432406
1.998481819762832
0.769681136944389
-0.1799882456392482
1.083887470341147
0.1060224965020978
2.330131194388076
-0.3363036408124404
0.4755313891760903
-0.8949846201937209
-1.136674659086617
-0.02630582259885783
-0.23892084195981
1.481467090454565
1.144924195681798
0.6975475988737803
2.025400630496032
2.113347773740148
4.423556164097462
1.890303677414847
0.05245375558447407
2.834304900370802
1.54026414860605
1.287038659552222
1.966813509022311
1.055835920179178
1.064339573983828
1.063726101762247
0.4788690029677394
0.3216581243492532
0.8158538921217767
0.8404575837170675
1.052184686522212
2.134193840289387
0.8907536156606459
0.1099406530526725
0.5896625243031104
1.927423227263459
1.026599005492349
1.132864592049064
0.568669353888002
0.5103081778585505
-0.4036367884383117
0.1165670287061182
0.2638515689805114
1.570734789915804
1.079003881759261
0.8406812955578816
0.1851892515208665
0.1707111539869113
-0.2297754217465334
3.529970714226461
1.689703586963024
0.9857367991452687
1.972024158083039
-0.2217484459109466
0.4617233768798765
-0.1174470066400887
0.9900325795337789
0.1667844876843984
1.833125618991589
2.535056147975805
1.242700421601216
3.002178137053672
0.9474103020902017
3.213568869297723
5.240220540757945
0.460561587708312
-0.4809681051193367
1.404894402625755
1.856966407165913
0.7972922455263676
0.9928403949245762
0.3582617960359082
0.3790793920818332
2.983945376922863
1.463824764884031
0.9398879956803977
1.306565035728131
2.19719526818821
3.875012271870748
1.765168618781577
1.519804238834739
0.5124383952406186
0.7586763121159652
0.7415309583539682
2.288025033143921
1.029749548386272
0.7634457726289722
0.8927825101074526
1.673501172181371
0.1598628303180962
1.140741897959968
-0.4015303242578935
0.7372045756406345
0.3730135455654086
1.288367838069149
0.959745588888567
0.4694776183368189
0.4362534902825633
0.9443535885465142
1.674194570365077
1.960708582259978
0.9809949429358573
0.4726971611706617
0.8384805374758063
0.3180994254071139
0.7791081860757488
0.3012371153776541
0.1890416330029571
0.3478671530755716
-0.1951803367008486
-0.2776441572558749
0.3504360996642341
0.4745137143415125
0.4534330457154891
0.4051418965953338
0.9954760458075083
0.431873548740747
1.484616097538361
1.232001169749429
0.658816212862297
0.7749922740895545
1.039373491637675
1.32034152856904
0.8705088013868649
1.945956491864426
0.6865762917642566
0.5649233773643729
0.5004927549747367
1.394756085507336
0.8621077750299702
0.4658730223468068
0.2989628698932524
-0.2354489346790188
0.9877746545775128
0.5225037171757562
0.5069380805860707
1.324867350628129
1.547888015104487
0.8860521665446701
0.3079701077017779
1.132549239958043
-0.05695693067366048
-0.4235515122800885
-0.3855361869121355
-0.06097345748950078
0.2321515087845428
0.5382169933936138
0.0004758949887635477
-0.4052620881616295
0.5636483430913375
0.4420866456604658
0.1435611842083608
0.8607698932511609
0.5770760923249145
0.5199077004314527
0.2980056992374476
-0.4737579931188137
0.8438424184231443
1.52657879430386
0.3380545008860347
0.7024395090587663
1.514700637366078
0.9191806202924164
0.8897714160353671
1.080740777871555
0.4155035214734542
1.172147266340825
0.7175998327309669
1.897440660174419
1.47512085666144
0.2109125375154403
0.3487621767829496
0.2104314525070085
1.091494443871636
0.2448154240749862
0.6121680428037364
1.254347400674233
0.9817168862733802
2.055710211421946
2.427084477910975
1.24707228543028
0.5359041550121693
1.449032564537944
1.073273122766406
-0.3115596800573918
3.424163043990942
1.60552051439251
1.947660072170919
0.8480245379603891
1.086684026104313
2.138731422271696
0.2017414871249892
-0.3014228702761564
1.665917391041223
1.090008702959345
0.8738207144386313
0.6516343436337844
2.691416448597692
1.200042079253182
1.043326952437023
0.8051796511054232
0.9263828876332239
0.3398674429081741
0.3584060685192241
1.745344455694624
-0.1801994404712549
0.1006513168739031
1.157935412101254
0.1679679488619703
2.457259160890691
0.8147855262315702
2.343907379571695
4.09868405875052
0.9047461318279976
0.3720769974220348
1.471542493610396
2.389258521737526
0.005508428105355234
1.554483737175126
0.8296181191215515
0.8710216414903961
1.291649342111731
0.7423351858984649
1.729233424886285
1.689042088536382
1.790333142463309
0.6891507262952759
2.087688411764073
3.296661385803962
0.8727853554101699
0.1832331682015711
1.629840044072135
1.569755046557557
0.03599910354853697
1.000062790247434
1.825071202488252
3.282117311899299
5.772214348418203
2.040634409390657
1.104737006988187
2.613509662366837
1.547244648215472
0.05212081176037275
-0.2584724098894841
-0.4116367865787575
0.1074810664623217
-0.3441841794862285
0.08762814468568991
0.05041856638180453
0.4301330788600561
-0.1834792235193766
-0.6446098993132595
0.3791443732965676
1.37974340883368
0.8396851281325564
0.8129353528004579
0.5537096211121009
2.187943514694872
1.492877552055069
3.528062585079942
1.773392601801937
0.6946210461744521
0.6271388094763157
0.799664029743353
1.896325517242001
0.7793746687560192
0.2760820294966431
0.8404578338887336
2.741196934453326
0.9450457970337183
-0.09459358775164517
0.3345849339837778
1.129442454024004
1.412438500860819
0.9601850528432428
1.76953575085065
0.1249231710497347
1.239386769629739
0.2880444664173638
0.4706573392057212
0.4620608255934454
0.09562867738153258
0.8555605470469316
0.5823045822850423
0.7273653125180872
0.8990418873877335
0.818996765313649
0.1188107159885128
0.6268137000202594
1.6028057518566
1.099234918145312
1.992923025894306
1.685654154253875
0.5490290748639879
0.4399792795046374
1.45427698112815
0.4520442813457466
0.2160619720123126
0.4344196947444174
-0.187332107205597
1.134008565511212
0.8441321779158558
-0.291758135162333
-0.02448871578825507
0.4054001311696923
0.9805041158550233
0.702220904466892
2.038797926424222
0.3580630284057242
-0.4658888270723042
0.09441178116995097
0.5998116632692648
0.4322707750176921
1.759249220089101
0.0196997488643198
2.78233163635987
2.122931886428586
1.935971100786251
0.8948907344970959
1.233980807692398
1.19934616741137
1.098662336807469
0.4212698472822349
1.634735392275322
2.404486182443451
1.544047450762473
-0.06936060724590487
0.7101941333685058
1.037362904462555
1.02598375345148
0.1434449496715915
0.4792259588146154
-0.1407908382623188
1.018633540864635
0.4261881457433179
0.3265015021000703
0.7032391110204383
1.706134165356105
0.6240147352984621
0.7050326890330492
1.844263152784501
4.050911366964129
3.228404278499109
1.626647294751179
2.596636624376063
0.8687029921876528
-0.02823520874581564
2.825768067951968
0.9246071075119207
0.4591206062950761
1.438378491520857
0.119026801312669
-0.222909284123438
1.576681291743895
4.338766947628384
1.838038829623349
0.3813285159819926
4.024455305355727
7.63537969288059
4.292694864814607
2.352840106988054
1.246967449931782
-0.233826277740138
2.144074109362135
0.1083673793790917
3.865687686591276
2.240853723005433
0.1894832416057092
2.132940651030041
-0.9702065357984538
0.6736493131935353
0.9274593711330072
2.319132712743527
0.6427421952454706
2.741063287420709
2.294534136624991
5.275635313448318
-0.6426777213957583
-0.2534969841205347
0.04686784871110261
0.9474754042865475
1.555662090533982
2.375376121345506
1.360337991165697
0.5381325865896771
0.7558399717041384
0.9428548391899864
1.604864474442039
0.8338273725520616
0.4875733463069504
1.370513905523837
1.842598558312065
3.330812478593761
1.484179936345445
1.248296116113665
0.779619976364913
1.924633447502158
0.2666563004468377
0.3218599019913316
1.367922131698642
0.6533452930452176
1.772923622475829
-0.07664457066809816
1.477619460456168
0.591331818711571
1.023122414288945
0.8913023098396888
1.745797722431541
2.009559870051918
0.09843138997971468
0.8010276978310746
0.7944413087458567
0.9467289317324348
1.251793645048968
0.4267367205119083
1.238046111692165
-0.08415461157050486
0.5747832727115443
0.3173489636852643
0.4218652880742454
1.926780737288026
1.487147133059516
0.1371060202019138
1.531200633999467
0.4731319039333387
1.908596933496245
1.510284431590507
0.1167600686255282
0.8954094735829551
1.270795199503136
0.0830556809381362
1.460543374374136
2.565029520147329
1.314856841034349
0.6847796715147814
0.2327706980029286
-1.016314139605923
0.9478891935491602
2.678991042590766
0.9271536008963517
2.209571106293411
1.608929081063852
3.019807055770442
1.618572941279141
0.15411367874172
2.786682629438942
1.172454987254565
5.391730987908453
3.212656040610097
-0.1415621923805405
1.071463086834369
1.504597713419598
0.6731055806025448
0.9460493711905138
1.674371637027616
2.252459467079436
1.294275560811132
0.7990649447554646
0.6134401778377905
1.253186377480912
2.543800802055074
0.01149505445897381
-0.4073408245735309
0.8978354065111347
1.359778688884078
0.2921612311146425
0.7207765893829163
0.3697826549966789
0.4896250300176974
1.511948611729953
0.7212207988186639
0.7418894779798002
0.1152937705558543
-0.03635914972524146
-0.03881240407634834
0.8784855402632064
0.3491960958213092
0.3841969197369433
0.509455099574238
-0.1736754927895033
0.182740453904
0.867535430962401
0.5204284151007598
0.9974431289291271
0.1158984780733278
1.115401504745104
0.999530913786932
1.143610635446603
0.408230145459591
1.636095901233865
0.5052755116234976
1.763517935391636
1.784394522880955
1.197114106870402
-0.1411770631163948
-0.09132683856685697
0.639968543110625
0.3229718689949904
0.3945737768698344
-0.01168372996179234
1.125936796851854
0.6465601635468357
1.256862057453207
-0.6572117997470953
1.286730164002762
-0.05357590257172273
0.46448335670673
0.1456905321098779
0.7544007306642638
1.69673712426491
0.9157232211924102
0.4785879758980145
0.6238676437570483
0.2533267185808427
1.992431806360273
0.04349697416766907
0.8976808294544165
1.344819456460763
0.5453697244029587
0.4668326157188813
0.3987534865277738
1.554894415309592
3.200464910240585
0.7159518877103712
1.956632764955866
0.3078085538121573
1.399863819376689
1.095386052451155
2.017321463196684
0.7174519157744167
1.07067761028724
1.552608524240889
1.348902106684561
1.165544365244633
0.7483176664754767
0.4338309171037712
1.28650298107822
1.015060710751653
0.7858502177865463
2.134451469074838
0.9791877600699187
0.07423594468865136
0.5190698599156991
-0.125536830695344
0.8200515452450902
1.553621075418648
0.2390622114115727
1.029843758782691
0.4967559753252757
3.248272759479295
1.975029440330895
1.473390015839865
2.883753366730281
1.279464694177183
1.106769005608513
0.7822875601017965
1.052631773896195
0.9060733102301153
1.984340325824126
0.5286542727758761
0.1225979752986804
0.2638522405537342
1.18196778442277
1.838436045879257
0.3064557855443503
1.535517826847118
0.4447983567117246
1.032792168111716
2.589924970399753
2.578559290978821
4.632526097565441
1.632455967124685
1.164855110781594
1.744545542686986
2.682159677957717
0.2145773215229777
1.939578012591437
0.6164470814009222
0.9238984727497866
0.3939990594995486
0.4159258476960895
1.0255131001551
1.747819049469871
0.517793331951706
0.5932637287914196
2.070721976952434
0.8476987114243217
0.5196602233655991
1.015202338034113
2.116421995417687
1.503268026506295
2.079515628402724
4.355884657563236
0.8944194376852673
0.5243416814648874
0.2674066000150506
0.9245958975608962
-0.05545961934029064
0.3505523689161011
0.8295084398666405
1.069773426703414
-0.198024834118438
-0.3903156792304073
0.1085267943800308
0.8416044532646874
0.8389786386971785
0.9725179612606657
0.5449547168932208
0.4853551661979028
0.2423510828179452
1.150140176842151
1.281208513325508
1.71615073204366
1.744936170661743
1.075704726543294
2.33273867189089
0.5253185281883729
1.139135361321464
0.1022949910728413
1.66284299540131
1.543839846611982
1.310204719679111
1.70844850560516
1.074971858078773
1.356620233168694
0.9010433261619812
0.844112573067848
0.8899117344002608
0.8465540671697108
1.06148849846839
0.8664218448510661
1.279931414074842
0.517051009239039
0.3448847243895338
0.7382531234079837
0.3560821477217555
1.165198575231443
-0.03658194121614267
0.4277539599716796
0.6025838865627791
1.512298615927732
1.238382964606625
0.4933630174173715
0.4989949861041021
0.7204959382521177
1.014501854245594
1.302840923522824
0.8363614946674841
0.5326697337719825
0.9129728836016513
1.050121100526531
0.7642321646398627
0.400857888513373
1.330583971828272
0.7108840835747026
-0.04817675826399592
0.2655815841238276
1.034808654925747
0.3879692840017751
0.6113680900504139
1.422729193706163
0.02764244048781872
0.8982765397847733
-0.5659974923215653
0.4546908658977995
0.8553949783388249
0.9770727340685481
0.4714196150956272
2.277682995354499
-0.2660905401597687
1.12823989480551
0.08853032018533979
0.02057430331304555
2.19158615384345
1.028369009193521
0.1802577304683445
0.705369570553531
-0.6277714594297609
0.02993720717774162
0.5500505794189132
0.436160410683466
2.214640384333328
1.290463432104268
2.063210305551841
0.9331884506398763
1.996464988884656
2.609538914247905
0.8069868988078347
1.578291567505306
0.2334128100697835
-0.2565207307280445
0.09409533112073143
1.472582261618352
0.6606092947398693
1.025268583120949
1.295792505934813
2.032152776134353
0.1461854403537524
0.1466928962003029
0.3812124003369924
1.009279910478984
0.8726288043682912
1.63233230960553
1.186512808618868
1.348240769776783
0.5346033264202485
1.044841875035117
0.2145687161261624
0.4288012357163733
0.5856823902904071
0.8296135973312806
0.02771393818605217
0.6161406533320158
0.3372653334924716
0.7003382475968474
1.354235521569687
0.9352939939417091
0.9349970660612686
0.1571955427224303
0.6655787156371042
0.3476581682858305
0.1261845228461314
1.130405419873967
0.5965176698006993
2.253677142997056
1.342260092582772
0.7176579938687493
0.7766549204518165
0.6058556258005248
0.7732108399314656
0.3439082415005318
0.4896210727732091
0.1842806092824519
0.1222487100980134
-0.07155979724750317
0.1029810595329206
0.8853400810875782
0.6195737544174515
0.03379822715602165
0.3879216552657434
1.316143701259632
1.393739768110456
0.9000624267723139
0.6772775076287998
-0.2160695454608482
1.435082071111615
1.533653359154866
0.02095268489567936
-0.0772104901534284
0.1777892167419884
0.5092409394653929
1.716608334896344
0.897405826944671
-0.3185021515403358
1.153328328713414
0.7621400184661266
0.9528404779490328
0.8038244503264674
0.7465714439679141
0.5423330909252372
-0.2019917469839322
2.036406753625671
1.167428751792511
1.496117259404865
0.5192390649807966
0.5018614036854219
1.207110919314771
0.381507823376364
0.5247022265727334
0.803234964283656
1.32192377139679
2.895905980427811
1.0781083148595
-0.7291655957596247
0.541099987390834
1.971100587167772
0.9415255839270507
0.5075291715679836
0.1431664784454797
1.703471073799393
1.45561911993545
1.253215255704811
0.4354277707551505
0.0719259953901874
0.007314616929814499
1.437599914338057
1.97643375694397
0.2504959586533688
0.4222928012456412
3.092619868182901
1.578343785136503
1.825992456599417
0.8092962608092841
0.7922670452278958
0.828159148739271
1.036015885939211
2.491213444447284
4.801541144410394
1.911846156302766
2.344537738297258
0.9956125253750295
0.1152150584788876
0.4198016050133057
0.01423404374635551
1.539210441583585
1.694090255235759
0.2916679776326032
1.501624118330266
1.117874201332324
1.170608371767594
0.7287679979716568
2.619847754757254
1.02599430182013
0.2498695904615508
0.5823809605707162
1.470249217087906
3.300089639039452
1.663893427150029
0.7503081938291174
0.3166183516757273
0.2933405213510669
0.6266745262286486
0.5923758141793372
-0.1867508247114072
0.1142305843755483
1.50331181552478
3.892954948921564
0.9185158223652475
1.204274310684857
1.8600484363743
0.8798638227556851
0.5935970732802387
1.432156565391702
1.067167330160486
0.3243610696116688
2.252824549767153
1.254598231299703
0.5116401164730391
1.820158594876686
-0.3501093755351251
1.497881498749944
-0.2538744312420932
0.5966264569473972
1.078342599323991
0.5321762478600995
1.272932790920725
1.625001017699402
1.496823224384542
0.8243007413196892
0.700585645609322
0.7122558562564256
0.3290398733407939
0.451797801001856
1.567656005905851
-0.08963282349446466
0.9979594874877308
1.447912307920267
0.7092705943337438
1.295696594999083
0.7256006455637236
0.6871751809226414
0.5069571857249764
0.5621753059792118
0.3602269981404695
-0.1141446355746257
0.4073003900419461
0.5715877997280885
1.217072414359488
0.8427534614779452
-0.03767189626890233
0.00370531285668052
-0.1828290151549067
0.03506226312821359
0.6420112669553135
-0.3614069391970841
0.7232574588007546
1.438459883189507
1.112832545586883
0.6562030730170589
1.216139523270403
1.097110991837144
3.072995454268642
1.853941505944326
1.389105944021665
0.7473325787308783
1.452274897316424
0.2431036443967247
1.457856879864346
1.967644150360133
0.2427354991852629
0.7558234974529339
0.4403565225902579
0.9054311628559418
0.6050469140758423
0.4640162528160966
1.137838996145774
0.3450773227720473
0.9253433277588912
0.4470940739349791
1.420328845466871
1.641885336580947
0.7003055432170067
0.8303626342632319
1.345335271851938
0.7640571365247744
0.4246980823261969
0.9291334450427061
1.405562147123602
0.8035768558815335
1.539045540514695
1.761135939135536
1.355886273756831
1.683694752776844
1.47214471125625
0.703523413448234
0.007598905993677407
0.3822596004009888
-0.1735978911346426
0.3881993254254733
0.5255181017842827
0.6523170606617178
1.039820903112558
0.6827348643267548
1.853799410067885
1.923098037757913
1.163672230119332
0.8804989907864652
1.011274837227113
1.368407509364535
0.5246351578082689
-0.3972017401405848
0.4514676017374287
0.6587935077301583
1.268517850486302
0.3166256950831108
0.3737873601134785
0.7198228112701817
1.125299565617736
0.743217567689081
0.5050165696791458
1.012050261558394
0.1575748949187336
0.9307453267000524
0.8431264488369454
0.133281626886974
0.2829186377568033
0.6533025635297709
2.203660173880204
1.318950359635646
1.126970535787158
1.271599946026905
0.8622605523085641
0.4501221502714874
0.6426698150829288
-0.06750313905835059
1.391185276157203
0.1879731636028061
0.4817175470532332
0.7960217309332061
0.09000522354040541
0.5764688683444985
0.1477175715715038
-0.0372524310675505
-0.02675017022263082
0.6646996853036224
0.3027233316145197
0.6763605960091912
1.099663048531372
1.017654182986716
1.691271843255163
0.4402405039002736
1.067828655124889
0.5292541796285224
-0.08775628337297514
-0.655576416067074
0.5772634969917885
0.2258633445233502
1.074593276132617
2.134600353232095
0.8902490274448603
0.8298189887446796
0.1227412620279538
0.04629504686339203
1.330353735970917
1.543307980159175
0.4522216896657862
0.3231963558410239
0.8704263247088112
0.3951031096491003
0.377729781347412
-0.2286734595827195
0.7531337636441995
0.7704682055874997
0.04217208147513141
0.1527780140551771
1.830411915855705
1.605534918641032
2.861484669358503
1.85062847512868
4.12871909675494
1.079746947446115
0.6409105806126685
1.44213769474526
-0.1521175379326415
0.8209854081288579
2.518491684791837
1.448172729925306
1.072794278810244
0.81532294950546
-0.3558365129936633
0.3976605456709638
0.266633486027564
0.2799452326467262
0.08209846182860825
0.925542920191566
1.057401138593051
0.6792951881732183
0.7131085496284804
0.8947609865935779
0.06425742369634624
0.9356644084958629
-0.04754507927149831
1.197164344534006
-0.1929774508220948
0.6840028741727489
1.143444134025326
-0.4004037516337834
0.9581446927875257
1.25904851197043
1.063532493503594
1.185253376139292
2.158214343575034
1.380614889071234
1.7270516456907
0.2916879997727353
1.006233430586516
1.776294405398714
0.5589691971692541
1.103028547776859
0.9576267775371997
1.169927580174098
0.1375298971401819
0.5414674174419261
0.1698535675356763
-0.007772945835601175
1.125048277765318
1.126498303883565
0.1618084880766277
-0.1273861841046172
0.5288398496394404
0.9449223854385709
1.650894998239141
1.086652037067195
0.333753537322276
0.8800461833311695
1.025504177369689
0.1874371354190746
0.4759403686900984
0.6118441030446575
1.564729973023051
-0.02504194856680597
0.5176724599650984
1.470540833935539
0.5924359235857581
1.131594900649154
1.671427704598051
0.07906300056909044
2.548326248770944
1.38013264848424
1.212266643448082
1.942465551578944
2.348334092203882
1.655275341159443
0.622983553623746
0.9499210944056047
-0.7726544077105061
0.1410159194840135
0.3491170089675122
1.287099877905016
0.3933772697168818
0.9122412320751627
0.8953129452314252
0.4420195197837516
0.5048549105929052
0.5575996477407145
0.1437649874184116
1.105114992493639
0.3334054253070956
0.6941480965866923
1.364075602733997
0.7655818142676739
0.2617818973705118
0.128993028567391
0.7296553055951895
1.078283474223297
0.3617163943815265
0.6627288841403559
1.439347812483979
0.532756753550182
0.5802377510690193
1.832418279563092
0.4311131049382754
0.2376000463587119
1.59276875548325
0.291258718398073
1.02605740961657
1.104084903472718
2.395666673107312
0.5278364225760307
1.112834564137546
1.634176479738341
2.377604078898093
1.548031293706499
1.611282229434295
0.6683834146962285
0.5900756250063256
0.6173213115031313
0.1657896853441103
0.7027881694879043
0.5690419868160519
0.05733319315437757
0.5275357168478321
0.851560707961728
0.204763546684995
1.276641815045517
1.617124185486584
0.4581191001465356
1.041601859077476
0.9324021291603477
1.900256554841131
0.7850333874664712
0.5196484403066166
1.286531429875946
0.3410432572425234
0.2417692938278182
0.5849734580463418
0.4397873646316667
0.4200372982596611
0.454278326926571
0.1621810676214519
0.1481907737481164
0.4455659298268854
0.7824070794302805
0.4341478466009517
1.495197018472046
1.311402637424136
0.6372643565343633
0.7017359060764563
0.8899013712805429
0.4860862756548487
0.07674444539472525
0.9190502029089934
0.7360510792436292
0.2258688470910839
0.5578642710499149
1.594524428050851
1.163240965618186
0.9327777203889409
0.1950068634395171
0.9522579291901757
2.013573432890924
0.5817854144360095
0.08502107756717692
1.482757936353054
0.7488986629691999
0.774109279925222
1.493556666414553
1.077432934184631
1.445034904201551
1.839479194022664
0.5618230571352631
0.1559731000367585
0.820522186605524
0.4514807204764932
1.196884819291329
0.7724209558595383
0.1954378864693417
0.07523025915904824
0.378551181988009
0.8226025789878603
0.06551603711201892
0.8922129388105713
0.8809974282049257
1.583370301793949
1.572650850881738
1.169783366245919
1.221542052199037
1.160922832026244
1.093965678272285
1.201548615607753
0.7201019709801362
0.7250672439301346
0.5259133057884202
1.002128423942034
0.7458496883750132
1.209698890466839
0.8104436479683154
0.1299772361581938
0.8433964338357485
0.01941052750257666
1.327952724083962
1.837525508932603
1.405415328079836
0.4617782319330113
1.032010141733072
0.9915226032620111
1.075001126906786
1.026172005337558
1.511655654909573
-0.3585045863075681
0.4197802819800591
0.8097040273357574
0.9270362581276339
1.201083777962924
0.9165763294577007
0.8452381038796832
0.4796040489558292
0.4831099628482237
0.7989733482197886
1.351371533348885
0.7530618890027716
1.142536711281426
0.3622078186626432
0.9709983342630725
0.6901353049115069
0.7651161848909671
0.8256584022623051
0.06551591858090944
0.3654140491457648
0.1949597401887081
0.8943621938447313
-0.1244257866019419
0.4343727072210207
1.586913046685438
1.517529338522865
0.2648913944309561
0.07050434488459723
0.4568818783069852
1.203126947257653
0.5700246500922319
0.7396048287803652
1.706121097391859
0.7364646543110112
0.9650715478528992
1.414734464612527
1.759703149602108
1.661805264281711
0.7210920229251089
1.046612255899331
1.157225434949831
0.5085271817055994
1.194290927381866
0.7692100500754109
1.184837779118335
0.6154911475842657
1.333485551313282
1.167043195776363
0.8809639176005442
0.6031787816282022
0.3609575657957239
0.2042000831381736
1.515805072690145
0.5135845346875438
0.2318498009103537
0.7833573944150318
0.72921252367221
0.5700173171501159
1.013625085408264
1.195107355812586
1.767002419831944
0.9621240116468848
0.2863756776189924
1.473082732898898
0.2925382730571262
0.04667727679508138
0.9627141903701675
0.5915774228139505
1.188210906254727
0.6038863134199685
0.3120132664325769
-0.01984094732417396
1.041406953930353
-0.0168956685098135
0.890419941780538
1.399079345378053
1.646810807218851
1.450097790341481
1.47154983654637
1.194400814579463
0.9634188891284009
1.650486723905802
1.476642820198591
0.93894211829383
1.701633899013264
1.834316754317377
0.9068344180784509
0.8540904171516839
0.8735652349734034
1.454980476794114
1.32660718536478
1.137153541031664
0.3123727791826421
0.6898397336502085
1.392640406485555
1.014018859937379
0.9994942616793996
0.9672214288271342
0.117450364513348
1.333156309815157
1.373778272074318
1.145582941300308
0.651594326705488
1.569016277691938
0.8497426979759889
1.219750533382495
0.9897990721407335
0.5298722725494465
1.332648036220166
0.2434624522967332
1.454184857562613
0.8326425836014685
2.530900414774991
1.064193752268231
0.5313632936440396
1.222511758136105
0.6616769453178233
1.313598517267759
0.4307087946722347
1.383500357761024
-0.06448843552353056
0.2836759538856879
0.6194688784509661
0.1501682943312871
0.610366508391861
-0.09917494510213587
1.255726357296219
0.7963497371620667
1.772800443994769
2.289913743542575
1.487254827150295
0.1978338148721284
0.3858335307498936
0.6996699956470743
1.43575938045582
0.5756011153863869
1.093435374484113
1.430655608713437
1.573646316578229
2.903159508322051
1.252995027001643
0.876134437452901
2.290668777849256
0.6099493379012437
2.40246059671491
4.159265234295804
0.7707673230543171
2.710169800217046
1.665494773392924
0.379712542707822
2.754645177231573
2.049456955810302
0.3415560536247706
0.6580662876911996
1.074442151293278
0.4956943844655362
0.6271830471214865
0.7389654805071351
-0.02799145633071631
1.064967799194722
0.6155929698305924
0.74650978732247
0.6691503735703369
-0.2254078931512823
1.626947801263265
0.9077665986377148
0.4701686574247987
0.205029706582784
1.3410760366029
1.269446746789874
2.255985976328082
1.050582578540666
0.756245390348219
0.6372833375988141
1.655123923169436
0.2836450855681637
1.354445176365333
0.7128964386134371
1.288088422949353
0.6656725305270742
1.122292207065741
0.7075635676011863
1.715147441549134
0.6340073241931024
1.242427212179663
0.5068127016650483
1.19025550361585
0.2719575292990599
1.389567557893305
0.7218111511571876
0.5974964526290881
0.5824059518547695
0.7195070177816691
1.716467643852033
0.6560548003530443
0.5593754784342783
1.567880241267766
0.7152612238096556
1.471896069805825
2.037524389540344
1.558908471856701
2.292870806811132
1.87102893371014
2.423788150469588
1.929241266073993
0.5737837352990603
0.9406153766138814
0.4627745147965161
1.530370393794865
1.180591767763749
1.164492807248913
1.278524566070009
1.410589192399158
1.550372947760887
0.3787912904428183
1.088148766177784
1.150935986062569
0.7919244914513887
0.3507259484612285
0.7980488524169692
0.4014338816790138
0.7757279904591848
0.5706391496396834
0.804109819471533
0.7119008698995846
0.3208519331397923
0.06681124914068459
0.3328480550840843
1.439487274758478
0.1701167276469142
1.274201826203563
1.611498981995855
0.3764782205678521
1.159664366999356
1.609439192057754
1.568136875476027
2.119419425825593
1.117094227611338
1.587435663257755
0.6401528869952959
0.4461667035539747
0.4552713175486769
0.5231076021278903
1.051966435017071
0.5590585124124621
1.591293089299544
0.7852308235285352
0.3330461753422942
0.4532160739813116
0.04224979977100329
0.4577806115263764
0.4149314917433179
0.8048621257495562
0.07043884114759336
0.198209800513819
1.132657210907263
0.8380188031794777
0.5550773306003466
1.00988443788761
0.7431358711772078
1.200556499993885
1.324769133681529
1.754087201601768
0.8556554868335139
1.076042656003564
1.123604828305184
0.8630695826503025
1.029641468741648
1.074456947066029
0.2721467203189952
0.6839749534548673
1.114247771256234
1.702567310087546
1.085142753097276
1.747615151825366
1.224235465297003
0.6927222690929613
0.8847081305586832
0.2104068093988108
0.05756433037035458
1.459420358431041
1.268032550748871
1.105398494186172
0.9336585438293447
1.760439764953449
1.582561533608319
0.5646498071739993
0.7604961699560235
0.9788490464745611
0.9791740404847525
-0.2232027201233101
0.644424820666843
0.2491025231187236
-0.5218975960464994
0.05713231886849091
1.020248497231611
0.4582527808989405
0.7786730806823805
0.2453239985092217
0.1355176087810093
0.8307366181259802
0.5407614509033158
0.2912002876995627
0.2279526022388013
0.6707759116925011
0.9718568324333917
0.633168992495475
1.00251316950263
0.6226642579824879
0.2444905351729164
0.7354426232904057
0.8505455012835478
0.2915692122817872
0.6750311648945811
0.09681711455633524
1.218576359754292
0.3807603316853541
0.6552919619336485
1.321873857757254
1.23898416057696
0.8528096136166158
1.397457347724507
0.5056465147345124
0.6669032982917792
1.324725027478472
1.223862317802153
0.737490400802431
0.3775641154132426
1.426563782698893
0.8109941717236604
0.6913391893984269
0.774076744562983
1.379970892204675
1.195619896342361
1.095002422476687
2.20536344470147
1.038680079148718
2.169283723048648
1.54261831186508
1.388357722618137
0.8821395673287874
0.6153759149608455
1.241322647232166
0.7256661919437239
0.442895760759435
1.374010287956039
0.3060129596549854
0.7031130294666362
-0.3004607323307352
0.232775743766593
0.4126661018762865
-0.07551608812035526
-0.7450631540070513
0.4250416141405642
-0.4749418831405029
-1.092359754944417
0.3747055998162876
0.4310316014478146
1.209334715843979
0.3386254318709755
0.06446573966530988
-0.4189916950857006
-0.5427304888858714
0.3928718588185464
1.144733298056487
1.196079328232053
0.4478917952473612
0.8762992224033503
0.5655900511935532
0.1193347071853688
0.3520166453647591
0.01007034565803111
0.8942895359078458
0.5833218034386121
0.05814656375502258
0.4510511931836161
0.8806740938982071
0.4980145623461559
-0.546342413548529
0.1442598447714514
0.9905488901397241
1.193678969341456
-0.3138258229372223
0.5375621127617898
0.3975036204268997
0.687718642362551
-0.2050066911189973
0.1467153175727863
0.4493743600396128
1.200082155091665
0.7345214315718436
0.005782289641614091
-0.508998257336113
0.2126191987808191
0.2438518189123452
0.3654938240417802
1.301263777305534
1.095899465289563
-0.08144795724217413
0.7487453241585951
0.805390883974156
0.8983613613025864
1.135063382293326
0.5854680480947004
0.5524202062684067
0.5550729194324799
0.3134887948228559
0.1710032463621048
0.2921170915207931
-0.06815506104599567
0.361897153856595
0.03581467745058831
2.469436790539938
0.7234640764792558
1.820124005045657
0.4408357419463135
1.908118753582402
0.4902997149708318
1.216347401106694
2.819691015209988
0.7618666871097107
0.159695787835988
0.4322689405073806
1.239306594181506
1.381915205790097
1.417601690901897
1.065632705068777
0.6542641986690704
3.179840403290272
1.027023963645981
0.652509589924347
1.278139782209069
3.080409154426267
1.396294865121027
2.682990190936182
5.09808939361638
0.9831551699433393
2.667866244432991
0.7167565743562995
1.058391107696679
-0.7860518121542893
-0.6675202723276551
0.5668847732887619
0.6524536183249132
0.898674648007542
0.8683065994171431
2.838538455185675
1.627477412644982
0.4564863043576147
0.5420977468713765
-0.04996977036226735
-0.6562115157979748
0.5520268653802332
0.5253648159286103
0.4619907919894957
0.6747452538554644
1.39061107418752
2.406211396155469
0.3345003580350798
1.118213284977291
-0.3499718493616856
-0.4188128658254081
1.720063593151062
0.8792057239982837
0.5447100503631652
0.01032814071441301
0.6403752731512464
1.906522543420824
1.990321432076736
3.345509186711159
2.189314594681171
1.548025661645279
0.09483750683950865
1.35289987913219
1.002813194801113
0.318691383224713
1.286934303762114
1.567019880398639
0.5966169249134945
0.9928201582218845
0.4200888264178526
0.4571532401395366
-0.1118998067533422
0.6118023473508324
-0.02700208197391707
-0.04323135243657672
1.199363063523364
0.5667023723394062
0.7105419289971175
0.762152404253027
0.6322699075780805
-0.0243043303506979
0.315155003908156
0.3744657635541581
0.1867361522678003
1.210780922403929
0.4104982849839112
1.40331791910064
2.395208874892254
0.9395408027326008
0.5120425003895135
0.7976828140376747
1.191107960206442
0.9818104839050533
2.26403761661103
1.270191237674157
2.711189802126001
2.112867887307335
0.388777517018905
2.067595493413862
0.685740458595513
0.6818945793925826
0.9393900635882739
0.1832686171896375
0.2466660469805674
2.035676972025937
0.2033876790640261
1.457030702729315
0.3010625596441472
0.4855489080039829
-0.2329606566930987
0.7108775545426171
0.3785198173792085
0.8593792775440598
1.108870513941389
0.3094142295118195
1.839036647355485
-0.2111827684606263
1.798638669962612
1.097635920255792
0.9650820773910659
1.024474751218965
0.4738678789175835
1.400361491025386
2.01918333270185
1.0026234471193
0.8501852235293046
0.3744589564405083
0.974599052609125
0.5042766451030283
0.4523298150491909
1.180662470744417
0.6784196395760937
0.3772524603270685
1.006095612430286
0.7433536764381652
1.170536962066567
1.442149011519415
2.220701311303999
0.9050214643368735
0.7675403988471839
-0.1170698385260552
-0.02681910996014014
1.434597525572736
1.148618252925776
1.571906844698002
2.587188702486724
1.549768426595113
0.7462747445686764
0.7619739510100734
1.572036328703105
0.4971826370220737
3.595674498557394
1.053767025638624
1.617921513215592
0.1350794945783711
-0.2408763167436817
-0.1472013571366609
-0.09004057711782154
0.4755360123203178
-0.2478855907273644
0.4550338362757528
0.6687195929429244
0.2960477740102266
0.327214844062689
1.28659145016318
1.438314112750962
0.5303547155823979
0.4759527280544289
0.8761770704312745
0.2204571935947095
0.4449386309819054
-0.1458790214493934
0.6903935785161246
1.272123644554009
0.7485980472866327
0.9778990029308167
0.7155982500774094
0.2592229755997971
1.319182740480865
-0.4941026238490199
0.3026920627930624
1.619822142816601
1.245649765426671
0.676614053346883
1.378816638957276
1.218948514034379
1.124378333524109
1.482876127871984
1.430117583923911
0.9588636188474268
0.7399505311173524
1.108195328045595
0.8492594267400698
0.4757855572450419
0.06412971506927401
0.3194373914129001
1.336213230956559
0.9672617735947135
1.331441996009951
0.3464059986443964
0.8905995102981579
0.6690154228229808
0.08136665578873581
1.115891775953052
0.6773091015272812
0.1296397691152251
0.2241627544234821
1.297785197877793
1.115027239597729
0.5453281819549594
0.9922556098339635
0.4767128891442693
0.5877990258634833
0.3621405951979917
0.5747676713068204
0.01018445329318585
0.03811839340816203
1.215480687977473
0.2336034512052966
0.6132621781305349
0.08807566014651425
0.6110842962341305
1.047048347608218
0.792374036449212
1.013630016045713
1.575651965518247
-0.3872655183085479
0.3050859554469449
0.483915799146299
0.6382104857553439
0.5289043871796901
0.3473975477766438
0.1613619747490996
0.4701628368521227
1.164234855495457
1.133415328247767
0.2097549416442346
1.034443202471694
1.30834695462451
1.645646054670082
0.7555508391396882
0.8162832205879091
0.3725004934552427
1.078209924421092
0.2761710925612381
0.4634985557125784
0.7518040761103847
0.6421439984205611
-0.3609701244779605
-0.08390983155619114
1.725236620217211
0.3013476009369874
0.7439208272301139
1.213330500612265
0.2778112402083375
1.66334888486952
2.184675529885194
0.2745585894225916
0.8337956144270275
0.3868887524648719
-0.6652067455294425
3.279877371168282
1.874252722558363
1.364859300244576
0.7490216027251074
0.3030461477728372
0.4926552512715215
1.956273881810712
2.075501901185213
0.5610987745288567
0.8568511603736882
0.8444535553855372
1.202361199375566
1.664562321170471
3.007774589983462
0.8966113903263673
2.384979481227906
3.648912910210337
5.156608215539617
3.296424923057994
1.347096188246357
3.353315433418754
2.198691222048752
0.8038705256026588
2.029724809748644
1.70998988660961
1.100435219525397
3.397543113502615
2.27042561922694
0.7457480421411313
2.148574783718516
0.5360291735273943
0.6701479017363492
1.245214151976508
0.9066070785776505
0.1538303753489403
0.5901063291051164
2.442649894606612
1.336031305969051
0.8841902501533001
-0.1708442963926645
-0.09883214326432677
0.9950449363253557
0.6703490601016013
0.9275275851037625
1.390371998329711
0.8361173512109574
0.4869388508148107
1.410933182152483
0.383011837259055
0.5459071682401457
0.2108248757808424
0.754230883336883
1.075558977591745
1.164961168446525
0.764556355058393
0.222494967366869
0.5794147641063063
0.7676575381331596
1.384980664660552
0.7666372291752839
0.3391183496107534
0.7722015249855867
0.7861755524147684
2.451930303695661
0.0911368940357753
-0.4973355094540349
0.08759446477125443
0.07190389975932743
0.9236063916125309
-0.01250178379751665
0.4048795001394409
0.7208046558382495
2.25492430925706
1.012607281811683
1.615770767958783
1.015107632875109
1.910171211467389
0.7561949759890481
0.4733351468462654
0.2184506978462711
1.189860723912923
1.069875978212451
0.5155406848298411
0.4666854622907001
0.7025555037503107
0.7915288930339107
-0.1941877710134069
-0.648996797507246
-0.6766156739479724
0.1861223161039017
-0.05617810242985122
-0.06515477695814276
1.350015250913559
2.391029657524821
1.064394632479246
0.731193590492712
0.2475632193855646
0.710859965030391
0.188289144521715
0.5325023727987155
0.7051136872753596
0.7876736924168677
1.103615127150515
0.4847841076188191
-0.1980700774733425
0.2578338235694384
-0.4997704072668779
0.5054628018674961
-0.0001136358085368494
0.02504475955729379
0.4477392906838888
0.4375699367691657
1.062586076243706
0.04539745596108768
0.8736558753775774
1.401108850258495
0.7363873125415272
1.160897148614113
-0.4511238817200346
-0.6743144681853613
0.1313354667584968
0.5436148814779174
1.061953144537697
0.02311173441829217
1.371835517191422
1.353359915261538
1.361628611490901
3.172410701175817
-0.03948542566949842
0.06927095611407652
0.2712074342918553
0.3978600784583506
0.757172409239255
1.235170007877188
0.204106601292511
-0.09670142916543656
5.320424873162739
2.818958145491647
2.136371581145735
0.9258771364514485
2.762899897037735
2.092365492124422
0.4177201605384209
1.924375188703458
0.5550715300687892
1.423658477693768
3.075962848425947
1.310153296730661
0.05179317507309433
1.126856599973437
1.604785844126638
0.3029813659753524
1.267340581969636
-0.04462150766308659
0.6365585279806214
1.867976174384431
0.3100118777053528
0.4802446775020404
0.1667570658196019
0.8299113355461943
0.8486062729086452
1.239374882329741
2.674016194819818
1.308885462017699
0.4833772521033614
-0.4130764565483765
2.430108575409012
0.7446563811730229
2.14075257627042
1.044018595742171
0.1360367820857386
0.1252163166075718
0.3743467620600158
-0.0585774801079878
0.3566523527856311
-0.1178026195673681
1.227340158136127
0.01864967777711224
0.4699604476117688
-0.5054467519626563
-0.1039221766254185
-0.46569639882372
-0.05749436066332037
-0.04378683732841238
1.344916967261545
2.081536885226526
4.623706681396918
2.942393857813933
0.9658895957385812
3.511122441026084
0.4457385003080719
0.7428325609505122
1.283949489027841
3.298201100451545
1.292683170869656
0.4352890376409662
0.06055578471981682
-0.3444627524455336
-0.1015022593501552
0.739054139931391
2.343219823804901
0.9961598140221796
4.250892425783547
2.276852845384124
0.4614670231078567
-0.08818646050851398
0.474696157791662
2.449887714321676
4.701080540001635
1.787067433242052
8.070523897100106
3.044470538643492
4.229069494204995
1.925194445645145
2.184687725102479
-0.3182459295151155
4.379940944188053
1.777669296940101
1.870963860836339
1.253108138049551
1.275503876778929
2.434627379416163
1.649441170053812
0.6455700221153684
0.3133212806211447
0.2594819321638154
0.3679987520160808
1.931228659291514
1.750427912602271
3.017735955107184
1.154684683099871
1.899496770420664
0.823613714180699
1.564876681774974
2.812500706334483
1.799460865897252
1.308300359879973
0.2358297242041819
1.57993010586703
2.594322712082958
1.702383188997996
0.4806671571303244
2.783851973984044
0.754652334577704
0.8021815321771479
1.460327139076573
1.053064688853307
1.548394332770362
0.4422983140486442
1.455848443226242
0.9978000317427185
0.9392399654738111
0.5972190890792376
0.6520842052054606
0.5133287795627377
0.5011969622293798
1.918770626671893
0.8251176003698399
1.906687867447387
0.4978405881654298
0.9384742197578206
-0.3295162628049139
-0.02225888737260739
1.041189851749906
1.454793540436108
1.518946655082513
1.587438504516187
2.680141451278936
0.08481959570462472
2.074179038262384
0.4701541156650927
0.1496007874121987
0.3390525863531614
1.591710144602254
0.645233148080107
0.9361111005520402
0.4413870865183078
0.04901761666969862
1.286874779973212
0.9048176912534861
0.9048944112644011
0.4835604976882338
1.328308321515584
0.8876262018003149
0.6732805348741091
-0.07865836739095722
0.5333178505555929
-0.222182578782509
2.001151377851989
2.325992455900841
0.1598341495849809
1.273540655489543
1.680797665656179
1.089880466895274
1.172364734213827
-0.1334666763510547
0.7290175008322787
1.500277313735474
0.9110711183788469
2.196520705313638
0.5734873890507118
1.371742343381972
0.9503301690904559
1.019421905132964
0.941574282715897
0.3174242864229783
0.5790433899440935
0.6952947573039707
1.227257732680847
0.86341193358441
-0.08111076430374731
1.212340320766105
0.7008858676788727
0.8719939145982599
0.4706941809190868
-0.4769613832464065
0.2284865999064667
0.5890943091442643
0.2731360423333034
1.124649526293652
1.410517368100176
1.577170879948212
0.2196318096489173
1.012653733488492
0.2472108454567656
0.1732050207011123
0.07033118762659496
0.3573584191528907
2.034420461234919
0.5648206510750764
0.789459286225463
0.4589090355688861
0.3453260674010986
0.603901961830372
0.7087803169377715
0.7376724743094886
0.6422891474119061
0.5887406577575898
1.657687959616388
0.1027171349882686
0.3422129688611365
0.8552913668066213
0.7268449761915077
-0.291392311509081
1.601353374473444
2.42880071877308
0.8596102171857812
1.372864978421308
-0.007145676097687015
0.983674540930467
1.960074123060079
1.124489107149637
0.8706281252211099
0.5864536444178216
0.6122642962508185
0.3562542668281907
0.0546187615270457
1.169758462629509
1.511543553065587
0.3789689457509177
0.3010589984891193
0.1914117210268114
0.2185623621528868
0.1422135771970287
0.1496383530263243
1.57217168581121
1.34311646942409
0.4131280645959448
1.087783337989303
1.112370420110387
0.5923133746797149
1.052785679636981
1.390442153886178
1.499068822477758
0.5214551952783124
0.6761491819334551
0.08415719544616151
1.268576726749544
1.056615374209498
0.5157842806795989
0.5615085379038038
0.9990925926317302
0.3906677866637717
0.3006535013925846
0.6080143913487192
1.485320417332561
0.07032594745994181
1.051907977936242
1.052084510284485
1.346029926328521
0.6032121580427482
0.8058333099945636
1.39251708750531
2.46798101230809
1.128856005894885
0.6967192872138616
1.871539719182359
1.035374820755601
0.7125811375095982
0.3169116340213007
1.044869427702419
0.4695569066802463
0.3592387997439838
-0.09116015900800967
0.6761889662701548
1.747555880415185
0.4494988537172711
0.7818694218497904
0.7717585152604202
1.321007748625002
2.070081698904753
1.751875224615076
0.4147267294746425
0.5332629540177377
1.317164456723362
-0.5956913131571481
3.032821585632663
2.039415085551214
1.745784651577795
1.040851798555519
0.6700498602178422
1.670948729515853
0.8575479656680879
1.249795391982971
-0.07648135727751437
0.723370387591007
0.5618432937059059
0.6388977025192843
0.8026585320688142
0.8687763919738712
1.243470405040161
0.8574311323513251
1.104337848156086
-0.5377365801910333
-0.2758096284021468
-0.2364977809184344
0.4661625547037737
-0.04283215942959406
0.4356027413903334
-0.07954015366120093
0.9349873501063168
0.4898141951374753
1.277772997601507
1.258585594754691
1.350362762756171
0.9659980340719744
1.009557203191692
-0.1195595587983468
-0.9313841532412718
-0.006662294192711138
1.532303815246852
0.9753502699878992
4.145424408278553
1.984646104619247
0.8309392405358453
1.105125484783009
0.289226042588519
0.5006671352846257
1.150729300336603
1.243021627353692
0.5571584073852123
0.1002813467391129
0.6455765502695043
-0.1700310135340436
1.534648930416302
1.113452710761091
1.422745898996343
0.763126385142786
-0.04290226094545402
-0.09419435591206959
-0.1295493060454015
0.3271181243042018
0.3811055195436917
0.3622829186719846
2.062588098241338
0.8388548009212853
3.065927501028554
1.157331779655312
1.549071086608999
0.4424157712087315
0.5861528894900543
1.41093606832078
0.4210024925272624
-0.1337246820482058
0.2342201385033857
-0.06147287997728978
-0.5220205686081024
-0.09102211824671758
0.08375772018810179
1.599611091726847
0.009434620034645014
1.3885678922995
1.670514900895242
3.560876787401183
0.328369807852219
0.777468714861241
5.068520950200393
2.804917344050429
2.581505265019758
1.430350475532463
1.260220615281108
2.563545414947968
0.4568030243819876
1.689377157004375
0.6980148499022272
-0.2278586844853788
1.429178637616924
0.7676718853166805
0.4431242186250531
0.6577921349859753
0.8579366288761826
1.706123664203296
2.992165649905412
1.799284179804442
1.840985534864778
0.5974872264808856
1.413485584764441
0.6875633631073035
0.8272395709153775
0.6326914567379487
1.695089620170914
0.9993113507433088
1.150461524788214
0.7566820447924838
0.9113802468916089
0.7472820981574234
1.264215622762188
1.402372977119736
1.170752407600839
1.187472376981477
0.2538398169916994
1.340758351567627
0.8247740898333941
0.142403633778211
0.3357197343723736
0.5933107695295217
0.8221122418748187
1.712816981048204
1.165233112759867
1.405039220571789
1.315608790054068
0.300046166162003
0.3412248220651232
-0.1730493858286296
1.363545326396861
0.5819288427435321
0.8680701264551425
0.7665897326750195
3.697849796374779
1.866378575830479
1.340619772299578
1.309749839337139
1.33405032276091
-0.4290023021703756
0.02978635942232244
0.3103708380959316
0.8170099342626798
1.510332488890524
0.4864983253808401
0.7266341863642002
0.6603924979594198
1.032261199718503
0.6097392087019027
0.857373015431788
0.4611888716856922
0.6523678137381477
0.4885966566115745
0.9632561214105028
0.3141399759273962
0.0866806227769622
0.3942994433788978
0.6572401660167345
0.5767793791194633
0.3512673578962906
0.8369395873235965
-0.4832330338161793
0.9226001856357379
0.8548124969371047
0.4482316759235917
1.036461746591671
1.05667311362729
1.471425072754458
0.1398525149821643
0.7337198999241767
0.635824714527753
0.5609564195526275
-0.1554436148589576
1.662023457217787
1.017348229247341
0.5496120238215025
1.61139351310586
0.4624101255920861
0.7181671629888013
0.628876674448134
0.2731554542923839
0.3981566185124412
0.7255672798039025
1.12516430696217
0.674540088954103
0.05746522688345423
0.5588802056910329
0.3574214600480603
-0.3527677811172542
0.3849079257010546
1.096823245304153
0.5489146844301376
0.9914680589518055
1.86580444497794
1.270208167891677
1.53925818296112
1.652749403190916
0.6748188568826567
0.5809292072393988
0.5489934448190298
0.5319073617594342
0.8436955684411364
1.403171734426909
1.340940800399001
0.7823998574587446
1.771072997145822
0.2215263249366729
0.8244898373408244
0.6404283806138813
0.5853618003912431
0.7075781147335594
0.6073570149800385
1.089044193059349
1.062461934346662
1.516903085673023
1.77868851983327
2.317255223615458
1.87096139163266
0.6045477905721889
0.3131703190946556
-0.2932393166339519
0.6054412572512431
0.396355807609042
0.413756861500156
0.6538078548377715
0.5991809082135177
1.178391543508033
0.8740858736151327
0.9395180255538609
2.007635644715417
0.5786915403512716
1.178326135838959
0.5102602690385261
-0.6732723803864537
-0.05977216744056546
0.7996543299141887
0.7134247844167453
0.7557064735770624
1.107102942583322
0.6770313479042477
1.523180766097812
1.270973104658397
0.594758974727628
0.5580320071388523
0.3248420674205736
1.025410534474812
0.1810010414164136
0.5017386270046551
0.4792119374771023
0.9143111074577002
-0.2760744077891976
1.29866901473601
0.08649683734322167
0.1273497723092535
0.5961261178854851
1.053129408631795
0.6634472359688928
0.5314247403431983
2.603454347189643
1.264519002933076
0.7470670100047909
0.8193003770334437
1.106894923519275
0.3078692641116619
0.8273954724771793
1.330092725251786
1.095964244139795
1.181819660917959
0.8796526053920768
0.5451059608873865
1.245817027489777
0.8914952436787106
0.8450265583918878
1.103484598789453
1.494980467223588
1.933518974721422
0.8275827454602239
1.828110007212661
1.299959821255402
1.309342687093916
1.429461710443536
0.9170101222978906
0.7246082843805152
1.143354411030603
1.099962793643919
0.0636975642016866
0.09079155717248655
-0.329273965098633
0.2345813030196049
1.266033453462135
0.7754750628208872
1.744409471190391
0.7753830952898007
0.7245117140074335
0.7183698126558024
0.6499306853080792
0.5758686367541171
0.6174498599929047
1.256458964233484
0.8529405114881322
1.181571145016489
0.2408710082691718
0.648058425146988
0.7266224177335594
1.005439693692519
1.13085844944126
1.157504260463778
0.5014476792581526
0.3288516569342528
0.6721825419247962
0.5066517826183101
0.8729165502467133
0.3763301141252855
0.3727767537441645
0.523491212126743
0.2775155750499041
-0.3543990096781097
0.5585438995008565
0.8326734284790075
1.56825988529414
1.078795657407663
0.63282052988619
1.182372720109669
0.3789194741595499
1.206992219826259
0.3226154437464472
1.245211910811816
0.7925969257750001
0.5282989490683321
1.234200384801796
0.2146646408525809
-0.3338937213908687
0.08865167956171327
0.3799309167803659
0.5110910298483068
0.08938262320465973
1.010511964448352
-0.1111605356263289
-0.2836298105156906
-0.1058829860778306
-0.35095318299305
-0.1700656371857102
0.685237059555651
0.5167931722537689
0.9223555240955735
0.574546431833992
