0.80513383
0.80105947
0.7973392
0.79873827
0.7764642
0.77221127
0.77889111
0.78337966
0.76199544
0.75609856
0.73090985
0.72990294
0.7610098
0.75267293
0.74592803
0.73542482
0.75153871
0.75942703
0.76321697
0.73081434
0.73250367
0.71784538
0.72923202
0.74141684
0.75702389
0.78120093
0.79044878
0.79966344
0.77460352
0.79649463
0.78165228
0.76093103
0.76807154
0.74909265
0.74168342
0.73847117
0.76559185
0.75878706
0.75792943
0.75586097
0.76501826
0.78563802
0.8108824
0.79135041
0.77817361
0.79584593
0.77115925
0.78124996
0.78486858
0.79552812
0.80905038
0.8020754
0.8420128
0.8364286
0.85886665
0.88607242
0.89225621
0.8791989
0.86731047
0.88444188
0.88277744
0.85846534
0.84390083
0.84330177
0.83518525
0.81672548
0.81079127
0.80092906
0.79301543
0.79689541
0.80817045
0.81312797
0.85436599
0.8406121
0.84130731
0.83989697
0.85653372
0.84660777
0.84628881
0.86127156
0.87696745
0.85735741
0.87192316
0.85519368
0.84610827
0.85666688
0.8281964
0.84242411
0.8463722
0.83717019
0.86812919
0.8666469
0.87473874
0.89622128
0.87954121
0.88821729
0.88994198
0.88991957
0.90481
0.88196561
0.85508636
0.864416
0.86094524
0.88389944
0.87830142
0.8840086
0.8675351
0.88063846
0.89471702
0.88225619
0.90281061
0.91011788
0.95786124
0.95806558
0.93679449
0.95104734
0.93309668
0.92644035
0.95017542
0.93249434
0.91542807
0.90341423
0.92461391
0.90301693
0.92294577
0.91282002
0.91160047
0.89657443
0.88778208
0.86297559
0.84636295
0.85951508
0.88965602
0.89808192
0.87562526
0.86381963
0.87372902
0.86356931
0.85664733
0.856126
0.84392838
0.85085913
0.83913526
0.84140661
0.86651314
0.88403963
0.88928992
0.89049999
0.87981313
0.88895501
0.8893592
0.88055507
0.88744013
0.9091225
0.91877012
0.92643489
0.9330093
0.95660891
0.96949138
0.96661866
0.96078987
0.96382939
0.93626642
0.93621114
0.96002049
0.95157088
0.93711711
0.94407465
0.92796992
0.91455344
0.92242498
0.92594887
0.95336109
0.93961645
0.93195757
0.94136227
0.9398115
0.94050006
0.92478442
0.93230327
0.93907329
0.93376104
0.96303085
0.94825775
0.94039871
0.9183926
0.93570858
0.93647955
0.93823575
0.93300989
0.92339477
0.91986584
0.95431187
0.97348621
0.96069182
0.94764757
0.96267847
0.95462481
0.94110393
0.94183255
0.9582398
0.96920984
0.94825214
0.94014122
0.97233537
0.98295222
0.9647631
0.99292545
1.00310923
1.01640272
0.98765457
1.00177463
1.02418357
1.0062845
1.03331914
1.02245081
0.99190714
0.97224671
0.99324005
0.98657625
0.97218316
0.95911482
0.94966383
0.96904862
0.99984796
0.99613011
1.02125041
1.01987292
0.97098672
0.98442893
0.98797442
0.95270572
0.9482686
0.92509681
0.90152365
0.91368789
0.93659574
0.92800195
0.95403268
0.95134147
0.95501873
0.97796576
0.95860672
0.98133317
0.99368189
1.00322266
0.99182307
0.98096421
1.01593958
1.00447965
0.99452686
1.01101212
1.00199094
0.99650385
1.00531902
1.02528002
1.04819138
1.02621344
1.02913963
1.02233131
1.05996727
1.04592102
1.05319132
1.05774711
1.03064855
1.0127284
0.99900683
1.00575139
1.01416984
1.01988272
1.04369447
1.0566476
1.04081016
1.02569118
1.04344206
1.03493962
1.05882688
1.07317731
1.0518534
1.06522143
1.06869706
1.08006378
1.07132322
1.05727216
1.09415031
1.11310891
1.10238529
1.10012917
1.15117314
1.16674474
1.1613288
1.16167592
1.11721947
1.1291667
1.15457018
1.14548816
1.14676958
1.12664148
1.10211279
1.11682935
1.0940423
1.09178743
1.11823127
1.10184629
1.09020901
1.09332813
1.11465949
1.13169086
1.12596309
1.10181557
1.08305883
1.07350319
1.09233212
1.07628898
1.08471622
1.09634107
1.06878466
1.04221984
1.05593988
1.05920611
1.02570715
1.03438448
1.00269801
1.01110264
0.99724934
1.00478096
1.00695965
1.02186587
1.01263731
1.02864316
1.0079861
1.02340656
1.05637328
1.03308207
1.01327208
1.0116769
1.02094963
1.03211594
1.02803061
1.01331804
1.04687052
1.04175139
1.02987322
1.02555403
1.0514864
1.04957695
1.04996601
1.04408437
1.05706418
1.06809387
1.05709635
1.05967455
1.04701737
1.04707169
1.03601105
1.04875929
1.05717777
1.06212289
1.07333822
1.05872357
1.10077088
1.09408079
1.09397872
1.06996324
1.06893764
1.07526089
1.0850004
1.10001371
1.05346704
1.03183049
1.0134987
1.02489899
1.02030021
1.0132043
1.00302628
0.99816277
1.02840415
1.05328966
1.07973923
1.06611445
1.06547022
1.07418059
1.06517512
1.04319353
1.03322711
1.04543262
1.0156399
1.01142373
1.02675128
1.02039631
1.03013813
1.01118721
0.98808826
0.99888933
0.99624897
1.00730063
1.01971945
1.03343602
1.02017988
1.01645567
1.06180201
1.04531842
1.03257431
1.03934123
1.03134753
1.01239212
1.00377939
1.00132995
1.00835808
1.02746704
1.00538411
1.01376437
1.01259085
0.98965641
0.99873776
1.01929889
1.0016956
1.0184714
1.02483094
1.04066803
1.05952853
1.06663356
1.05425336
1.02601906
1.01995296
1.01680264
1.016869
1.00420502
1.01024375
1.01826235
1.00878803
1.02665935
1.06991326
1.05848942
1.03735555
1.06254858
1.02758593
1.03935362
1.05395677
1.06214402
1.0720352
1.09808888
1.07704265
1.06888162
1.07732771
1.0831948
1.05796969
1.05543793
1.07010715
1.08451984
1.0481339
1.03742224
1.03015379
1.05112057
1.03217582
1.01733207
1.02134954
1.03391237
1.02358305
1.0319769
1.00492563
1.02339516
1.04155364
1.08337119
1.11194917
1.11918889
1.08629602
1.09354183
1.06451903
1.04022762
1.05349502
1.0532207
1.02971122
1.01932673
1.03529089
1.03277343
1.06142801
1.056209
1.06529804
1.0454909
1.05124265
1.05476551
1.03541572
1.01877187
1.04582694
1.07287205
1.0741518
1.08618627
1.08471623
1.07448611
1.08345543
1.07188956
1.09180574
1.10041801
1.07212835
1.07928992
1.11261708
1.09052895
1.09564736
1.08317075
1.09724697
1.08620976
1.09242152
1.08171922
1.0915982
1.06691198
1.07228198
1.08118174
1.08133107
1.05235371
1.06089937
1.06786233
1.02712735
1.01145838
1.02816174
1.05147384
1.05699239
1.08041861
1.06291458
1.06089157
1.0969357
1.09185623
1.09479649
1.08790539
1.14342994
1.14115657
1.134559
1.16109574
1.17378113
1.17090126
1.17373485
1.16471831
1.15810141
1.14231916
1.11869678
1.12912954
1.13412685
1.12071452
1.09068119
1.08979389
1.0587913
1.05399465
1.06672351
1.04475252
1.01439926
1.00921826
0.98229848
1.00637127
1.01787282
1.02434604
1.02141726
1.02655191
1.03142508
1.03619479
1.01922764
1.02080781
0.99448421
0.99281869
1.00307034
1.01563282
1.01768317
1.02422526
1.01092655
1.01275273
1.04664415
1.04460204
1.04050903
1.04960847
1.06556791
1.0504201
1.0805253
1.09723119
1.07427004
1.09061336
1.07296799
1.08309809
1.09589338
1.08805714
1.08598327
1.06782117
1.04927303
1.07426459
1.09804967
1.08134377
1.09612171
1.09222499
1.12636573
1.13017377
1.15206487
1.15839738
1.16327216
1.17816041
1.14019021
1.12982356
1.15154893
1.16779052
1.17548239
1.18168277
1.15170764
1.15862218
1.16875882
1.18148325
1.1862314
1.18785454
1.16956201
1.15767332
1.17807408
1.19576098
1.17026976
1.14124506
1.17400529
1.17527361
1.2047509
1.19439502
1.18942077
1.19724589
1.21901793
1.2021583
1.18871279
1.19359325
1.22358158
1.21597116
1.20223752
1.20445618
1.1549026
1.15220756
1.11871559
1.12675538
1.13382207
1.12247935
1.14692764
1.16986592
1.17243908
1.14442239
1.17859834
1.17581198
1.1502364
1.16438828
1.13774515
1.17248561
1.19657428
1.21254798
1.18111501
1.19338124
1.17879771
1.18764572
1.19223303
1.21464955
1.20446937
1.18260687
1.16377733
1.18220236
1.16548344
1.17696309
1.16693312
1.15252704
1.17145377
1.17415529
1.19569445
1.21859286
1.2425964
1.23870725
1.23065036
1.22514986
1.22842299
1.24605224
1.25515398
1.25554051
1.27989684
1.30946156
1.2874999
1.27838784
1.27413972
1.28534203
1.29029284
1.31461961
1.31582925
1.2970507
1.32811132
1.29757896
1.27218619
1.2433086
1.22631867
1.25473437
1.28356069
1.28506969
1.29214161
1.29116846
1.33688896
1.36281109
1.34938809
1.33130401
1.33679964
1.31010054
1.28422569
1.28392589
1.26099888
1.23780414
1.25682218
1.27577895
1.28682761
1.30759198
1.27352407
1.28828489
1.25962827
1.23440591
1.22682015
1.21171477
1.24422364
1.22951605
1.27655268
1.25976892
1.19292732
1.18561457
1.19079837
1.19217107
1.22244386
1.20523081
1.20227708
1.19486522
1.23874761
1.23198352
1.25163195
1.24984938
1.27866508
1.25346427
1.23410086
1.21714994
1.20926848
1.18420282
1.20659025
1.20097023
1.20842332
1.19707732
1.204521
1.21802911
1.16596991
1.14685976
1.15946416
1.1707503
1.14000335
1.11685481
1.12585605
1.14879813
1.1614887
1.16409644
1.18521862
1.18769644
1.19619331
1.17772085
1.16199265
1.17426526
1.19857078
1.18140652
1.19246859
1.19885203
1.15303479
1.16667975
1.17144129
1.14636167
1.11681568
1.10995005
1.11358665
1.12751001
1.14310605
1.15155474
1.12473501
1.11682105
1.11882019
1.09246336
1.0787994
1.09543191
1.11426334
1.1175755
1.0892116
1.10800858
1.09974931
1.12066518
1.11168477
1.10643195
1.14719499
1.18317569
1.17217931
1.14935184
1.12985368
1.11386348
1.0894432
1.10087162
1.11644879
1.13532415
1.09161899
1.08914626
1.0636689
1.05161212
1.0444551
1.04753699
1.07167636
1.08507001
1.07774186
1.07632458
1.14648359
1.17527409
1.16241564
1.18988038
1.21401346
1.22646236
1.1938202
1.20017681
1.16562434
1.17209778
1.17219504
1.18856761
1.17384765
1.15469018
1.12039743
1.12317303
1.12361846
1.13492441
1.11739157
1.09800265
1.09996649
1.11101119
1.11195881
1.10640526
1.07417192
1.04882149
1.05559094
1.05695668
1.01377615
1.02298265
1.02235498
1.03284703
1.01608759
1.01683736
1.0113114
1.02079558
1.0156432
1.02492304
1.04937041
1.07942584
1.0932356
1.07026031
1.06480449
1.04902829
1.03305927
1.05231978
1.05114089
1.05795534
1.00965136
1.01630744
1.03230361
1.02880676
1.04717574
1.04131256
1.02316179
1.00296373
0.99129508
0.99261554
0.99362902
0.98598706
1.01161348
1.00240391
0.9837789
0.99700499
0.98457671
0.96507623
0.95805861
0.96765511
0.99146097
1.00431495
0.97479345
0.97520942
0.94914092
0.96193927
0.94400157
0.93186961
0.97160283
0.96265725
0.96558172
0.95213311
0.96615979
0.94245484
0.93976266
0.95905243
0.94971686
0.95902481
0.94413386
0.95781511
0.96397928
0.96505346
1.00249472
0.98070107
0.98885924
0.97973549
1.00988786
1.00775877
0.96060786
0.96589004
0.94186037
0.9471931
0.94699001
0.93132652
0.96013848
0.94233356
0.90153671
0.90749939
0.91169383
0.92774787
0.93975695
0.9198048
0.91304358
0.89088994
0.87273755
0.84746948
0.86996023
0.87900942
0.88482649
0.90057927
0.90324439
0.90400536
0.92262943
0.90396079
0.89801394
0.88015448
0.89571121
0.92503585
0.92449998
0.91500496
0.9286127
0.94475301
0.94055634
0.92781719
0.93781855
0.95209119
0.92735208
0.9382425
0.93988075
0.94967049
0.96227925
0.95982452
0.95929069
0.98484692
0.98579151
0.97024555
0.97456168
0.99839959
1.00357433
0.98390601
1.01111111
1.01887081
0.99375225
0.99647455
0.9670097
0.96244324
0.96946461
0.94953643
0.98010143
0.98152505
0.96575484
0.97020162
0.96239326
0.94574116
0.95934211
0.97142404
0.95802471
0.96925809
0.99326141
0.997466
0.99713903
1.01776802
1.03594381
1.01790226
1.01534479
1.00453913
0.99646176
0.99131258
1.01767395
1.00032115
0.99745496
1.01162638
1.01097674
1.03895075
1.03590205
1.05657386
1.05184672
1.06741154
1.05494578
1.06682404
1.06284904
1.04414648
1.04313286
1.03462273
1.05932082
1.06796411
1.08511041
1.10262109
1.07088913
1.06407627
1.06936693
1.05204702
1.04736845
1.0588026
1.06563462
1.05581915
1.05297541
1.03806917
1.02016143
1.04700277
1.07665835
1.0663669
1.05513635
1.05338931
1.07841081
1.08166419
1.0559906
1.05522695
1.07504397
1.0669281
1.07262285
1.0745081
1.04423775
1.02480061
1.04984741
1.06869442
1.00475218
0.98675822
0.99773417
1.00320675
1.00154361
1.02250282
1.04437184
1.02637933
1.02658959
0.99801424
0.98073614
0.99252352
0.97517286
0.9773938
0.99977657
0.99281236
0.99820422
0.98855657
1.00739775
1.02216548
1.01415469
1.00867021
1.03587183
1.03652956
1.04448863
1.03595024
1.06280368
1.04487815
1.03144618
1.04179926
1.05805549
1.0553868
1.07451369
1.06982937
1.0555747
1.04889831
1.05028634
1.03859739
1.05910889
1.06637564
1.09176267
1.09805507
1.06856738
1.06226297
1.03429085
1.03251673
1.01137396
1.02868385
1.04270184
1.04103224
1.01998366
1.02257953
1.03880829
1.05539087
1.0683641
1.10325054
1.10482335
1.10757166
1.12126763
1.1059631
1.09167704
1.09111191
1.11124298
1.11654672
1.10362604
1.08431457
1.0950721
1.11146343
1.13804855
1.11912033
1.10880695
1.12604349
1.13287861
1.14389794
1.17438559
1.16198143
1.18316668
1.17228755
1.19708786
1.19356353
1.18820156
1.16767292
1.14280003
1.12568858
1.11764073
1.13405525
1.14091637
1.12595163
1.09971218
1.10744848
1.10715372
1.12129977
1.09944446
1.10880361
1.0932657
1.07789343
1.1040925
1.11878412
1.11281436
1.07616667
1.06718275
1.08777864
1.10657475
1.09847623
1.07016839
1.0748908
1.07930763
1.07336949
1.05650039
1.05706049
1.05485774
1.02579002
1.03314878
1.04804489
1.06353602
1.04645954
1.01520083
1.01479179
1.0397478
1.03843271
1.02465163
1.00719429
1.03560994
1.02703815
1.01271765
1.01814298
1.02303286
1.04733056
1.06594339
1.05993993
1.10131618
1.08831293
1.09267162
1.08506325
1.12262316
1.11011459
1.08144415
1.104304
1.11051359
1.09002034
1.07566752
1.06553923
1.03571371
1.04719142
1.081823
1.09907518
1.07393377
1.03168788
1.02943128
1.04527444
1.01844024
1.02987696
1.03229601
1.03836407
1.01104846
0.99048869
0.99519466
0.98208525
1.01347712
0.9899831
0.97686871
0.96187262
0.96560808
0.98338202
0.98054967
0.96248699
0.97273307
0.99373741
0.97174608
0.98084844
1.00117644
1.03190308
1.02448272
1.01707034
1.0281013
1.0350536
1.0253637
1.03706392
1.04025916
1.03478248
1.04658235
1.02910549
1.01543833
0.9991458
0.99808876
1.00486794
0.97149993
0.98865081
0.98144827
0.98859558
0.97373024
0.96627876
0.95914299
0.97002107
0.98789973
0.99590693
1.01931113
1.01662025
1.00258794
0.99329787
1.00469958
1.01577411
0.99907565
1.02117088
1.036945
1.03987006
1.06819949
1.06462505
1.05320181
1.06263933
1.04243413
1.04122353
1.0721877
1.07108021
1.10788396
1.08914482
1.08285343
1.05643112
1.07392799
1.10070459
1.10549933
1.09934153
1.11457195
1.13130248
1.10641457
1.12139278
1.12387862
1.13022361
1.08586586
1.06583607
1.09525892
1.06294715
1.03060374
1.04230247
1.05187551
1.08303121
1.07629101
1.09501198
1.11101456
1.12979515
1.15289416
1.14376905
1.14361621
1.11565443
1.15692574
1.13619238
1.14547197
1.14488892
1.09799478
1.10557451
1.1161193
1.10063692
1.08747776
1.07360791
1.07691298
1.03525207
0.99760827
0.97185319
0.94812202
0.95137654
0.93702848
0.9377225
0.92150244
0.90836487
0.94657405
0.95966927
0.93796234
0.94904892
0.93585374
0.91288114
0.90136973
0.90277856
0.90160412
0.91959854
0.95447483
0.93959122
0.92473543
0.90363644
0.920304
0.89891319
0.88424123
0.894163
0.90662826
0.91684132
0.9001258
0.89341639
0.89766336
0.92148206
0.93636276
0.93924554
0.91259881
0.91199367
0.93265589
0.92967112
0.92472456
0.90660906
0.92023725
0.94383696
0.91732517
0.93115418
0.95616048
0.97359895
0.95757429
0.97674178
0.99390264
0.99869358
0.97137889
0.97009186
0.95041392
0.96575036
0.97461377
0.96987112
1.02546357
1.01590158
1.01362814
1.02319548
1.0124262
1.01224901
0.99730796
0.99994521
0.97821458
0.98570291
0.99258731
1.01326486
1.02985092
1.01509137
0.99608862
0.97984191
0.95586991
0.96018069
0.96311445
0.97653771
0.99011905
0.99294977
1.0185621
1.02152956
1.03421289
1.03588123
1.06935261
1.061566
1.05723645
1.03028271
1.01924218
1.00684538
1.02005927
1.0223666
0.98886957
0.99769032
0.96255623
0.96821639
0.98479849
0.98062064
0.99013654
0.98885322
0.97685842
0.96581589
0.9457693
0.92950384
0.92447015
0.93257352
0.93631311
0.93939854
0.91697037
0.91939037
0.89097096
0.90807291
0.90615125
0.89526132
0.93207459
0.92792213
0.94788587
0.95395782
0.96451322
0.95119147
0.93384488
0.93416744
0.93184102
0.92528973
0.92260481
0.92398156
0.94321429
0.94804797
0.93099024
0.94903213
0.98157102
0.96910832
0.95012933
0.96148079
0.98619916
1.00051346
0.98175716
0.96545928
0.96703822
0.94645429
0.95038529
0.93512948
0.95550203
0.94221993
0.96091273
0.9596655
0.95582762
0.93540387
0.91935854
0.93374686
0.93922386
0.9270121
0.94647913
0.93704035
0.91452357
0.91645473
0.92664929
0.92610271
0.92860724
0.93835537
0.92028864
0.91329713
0.90308848
0.87859272
0.88784998
0.87588164
0.89426153
0.90882755
0.89320433
0.8958552
0.9253204
0.93302623
0.9243451
0.9244623
0.95280154
0.94662248
0.95786946
0.97414502
0.95589337
0.94696604
0.96627706
0.98698994
0.96251235
0.95156502
0.95975071
0.97204259
1.00088972
1.00308018
1.02308195
1.02551809
0.99916256
0.99105646
1.01390423
1.04685853
1.07208062
1.06442046
1.05524539
1.03196766
1.03437658
1.04158564
1.01699264
1.01390399
1.00217612
1.01135898
1.02108718
1.0369679
1.02235103
1.04119368
1.05800739
1.07486306
1.08163351
1.10424939
1.09881627
1.07030775
1.08663718
1.12242784
1.14460974
1.14308957
1.14071161
1.12900749
1.13318037
1.11534098
1.10213128
1.11358773
1.09297884
1.10268208
1.09477068
1.10724894
1.08476459
1.07327771
1.08514328
1.08322354
1.10054273
1.10178472
1.04828761
1.04099706
1.03282411
1.03896057
1.0253704
1.02695413
1.01916805
1.04272373
1.06148713
1.05540848
1.08703296
1.10496937
1.06668976
1.05278198
1.07889835
1.07710026
1.08263217
1.06212066
1.08413466
1.07659121
1.11232601
1.10123092
1.09562724
1.09728433
1.07804736
1.07513007
1.07108291
1.08420019
1.08010408
1.05723091
1.0364952
1.04648888
1.03563258
1.02587016
1.02018166
1.02297529
1.05686215
1.04354949
1.03201314
1.0213596
1.06941354
1.06893014
1.08180701
1.10521046
1.06808122
1.0719541
1.07265285
1.06169523
1.03786086
1.04149327
1.02665442
1.03863227
1.05036526
1.07502611
1.08688023
1.08007196
1.06752348
1.07185404
1.07522886
1.06529633
1.07542384
1.08667782
1.10924234
1.08866634
1.09981487
1.07225776
1.06819256
1.08393821
1.08861685
1.08653092
1.09632426
1.09944866
1.10767242
1.11687023
1.09901156
1.08783527
1.13149255
1.16208564
1.14437533
1.15286918
1.15410067
1.15100396
1.17473451
1.16648819
1.17151911
1.1921744
1.20494399
1.17669287
1.142804
1.14895819
1.12846956
1.13533497
1.16077386
1.14469012
1.12854063
1.1356447
1.1117654
1.10942743
1.09378828
1.09547496
1.11406402
1.11874312
1.10955369
1.0938861
1.101818
1.11756299
1.10309646
1.1146769
1.0997085
1.08007407
1.09467369
1.07428644
1.08670353
1.0655102
1.03174277
1.04913271
1.04732734
1.07534338
1.08751019
1.08074108
1.07164672
1.07729654
1.0621884
1.05077485
1.05598939
1.04001422
1.02917676
1.03150287
1.02843211
1.0127097
1.02286686
1.00504698
1.02430927
0.99988176
1.01543196
1.0366713
1.05145315
1.04610831
1.07215119
1.0563901
1.03355582
1.01491961
1.01624329
1.04291393
1.02506423
1.0182636
1.01820103
1.0230623
1.04642682
1.0652337
1.04808109
1.04954683
1.05766492
1.07142848
1.05767683
1.04283211
1.08791363
1.08554649
1.06806532
1.06747225
1.0848324
1.0651391
1.07618547
1.08678514
1.11131399
1.09573109
1.0970001
1.11660803
1.0929098
1.08020895
1.10782823
1.10392926
1.08703016
1.0803784
1.0936462
1.09389146
1.07916817
1.08689618
1.08897725
1.08826061
1.07212622
1.07085033
1.10773721
1.11235888
1.14685956
1.13463955
1.13707438
1.12403424
1.14006558
1.1686372
1.18874406
1.17770747
1.17586618
1.19069099
1.20450934
1.2236874
1.18540843
1.17962713
1.16198789
1.12550739
1.10577856
1.11631519
1.1281013
1.11755118
1.10382113
1.09194615
1.0806824
1.06409929
1.07329222
1.09868202
1.12650484
1.11036344
1.13183796
1.13731466
1.12624043
1.11477777
1.1127099
1.10352041
1.10201976
1.09702989
1.10332073
1.09885267
1.11483114
1.12051889
1.12183226
1.13261893
1.12574353
1.1045916
1.10072566
1.11330722
1.097954
1.10749141
1.0960808
1.11619617
1.13040376
1.1514957
1.17474004
1.15568625
1.14259354
1.15688244
1.18194483
1.21006703
1.18518974
1.16690217
1.16361025
1.15254048
1.17440244
1.1678313
1.19317447
1.19937208
1.22639202
1.24055381
1.20064836
1.18331224
1.19183935
1.20195419
1.19234495
1.21880029
1.24797667
1.2464115
1.22846469
1.26777263
1.28299575
1.29309544
1.27118393
1.24510903
1.21577401
1.23282282
1.2178638
1.2045313
1.21755303
1.22237017
1.17700301
1.19310186
1.19819582
1.21468113
1.22333889
1.23849934
1.21213396
1.18936951
1.21894929
1.22510555
1.2130544
1.20469917
1.19284169
1.20184734
1.18150945
1.16539056
1.1671427
1.16247543
1.17702072
1.18572056
1.14805975
1.16144619
1.13462105
1.15623791
1.18527153
1.21056567
1.20785095
1.21765558
1.17540464
1.17896324
1.19195453
1.2132885
1.20026549
1.20280955
1.19247919
1.16992254
1.17660953
1.19929467
1.18040506
1.19223792
1.2625799
1.25630897
1.23556443
1.26534173
1.29650898
1.32594679
1.29656756
1.27453314
1.25623794
1.2654431
1.22238673
1.22627929
1.19933392
1.19980766
1.21765621
1.2112802
1.18040506
1.19678787
1.20742766
1.2026321
1.19499335
1.17469886
1.1452901
1.16287016
1.21177938
1.20767167
1.19220565
1.20883918
1.21348714
1.21658224
1.19170991
1.18458687
1.22689506
1.21230185
1.19137558
1.18750002
1.19551403
1.18765283
1.19737761
1.1814036
1.20132486
1.23616548
1.24516234
1.26883167
1.28706365
1.26817733
1.25015732
1.25899653
1.24699915
1.22739279
1.2566187
1.2843878
1.27992352
1.27177718
1.29778477
1.32050307
1.29450744
1.29103999
1.29203254
1.31623445
1.37165816
1.3453527
1.33655652
1.30258488
1.27475818
1.28694797
1.24045472
1.25242264
1.29019982
1.27410411
1.2569598
1.2351589
1.22984212
1.24847476
1.2236662
1.20099518
1.17935538
1.18430769
1.18947701
1.19443612
1.15194298
1.1372336
1.16634525
1.16820006
1.19678966
1.18901796
1.17545182
1.18784686
1.18170972
1.19777893
1.21189341
1.20784361
1.22217804
1.20872631
1.19771412
1.21995729
1.1889279
1.15218822
1.1390977
1.13205017
1.17493527
1.16838549
1.16101437
1.19734667
1.22351694
1.19662509
1.18313597
1.1701234
1.16322166
1.17167172
1.14772249
1.16617214
1.19793092
1.18505688
1.17050679
1.14771956
1.14807718
1.15563086
1.12689251
1.1313908
1.1363396
1.16452661
1.19707429
1.1767983
1.17758649
1.20792421
1.22613906
1.20754905
1.14792045
1.1193771
1.15189482
1.1355208
1.14877086
1.1477835
1.17196829
1.15315207
1.11792382
1.12336845
1.11661655
1.0949501
1.14539551
1.14951841
1.12647529
1.12190684
1.07809897
1.08778339
1.07939795
1.10533153
1.14105885
1.13909325
1.12318576
1.1407776
1.15735739
1.13622695
1.13521173
1.11387371
1.13512754
1.116308
1.10987331
1.09260371
1.0869093
1.08750035
1.09700117
1.08486751
1.09650336
1.10746311
1.11678878
1.12640777
1.14634921
1.12472479
1.12948704
1.10947465
1.09351889
1.1111005
1.13731886
1.12484274
1.15386645
1.17923597
1.16144738
1.14381918
1.13792133
1.11977144
1.13221645
1.15546896
1.13212695
1.13354929
1.13168343
1.13725263
1.12005206
1.09623087
1.08775037
1.09140026
1.08623297
1.07056229
1.08288375
1.07319772
1.05513
1.0438478
1.03467555
1.02585446
1.03281014
1.03730467
1.01040847
1.01969526
1.03597661
1.03427699
1.06395398
1.0482467
1.04859016
1.05411321
1.08664955
1.0740305
1.08483711
1.09016737
1.08873739
1.11277572
1.14339126
1.12358887
1.11960222
1.12777967
1.10858208
1.08540948
1.0975914
1.07906821
1.06438922
1.0666247
1.08602419
1.07024394
1.05359434
1.02641093
1.03653321
1.06360249
1.09460327
1.08770772
1.11979233
1.10400436
1.09399963
1.06429318
1.08205061
1.08447551
1.04774257
1.06835092
1.06407953
1.04809619
1.00325015
1.01944429
1.03319339
1.04901454
1.05586836
1.06053451
1.08465742
1.0720524
1.05370485
1.05014278
1.06491537
1.08470759
1.06565144
1.0622096
1.04687976
1.03666528
1.03139587
1.03331589
1.02712757
1.02858539
1.04989745
1.06866822
1.04959867
1.05345911
1.0786452
1.09950513
1.09038561
1.09794121
1.07913835
1.05319516
1.05053097
1.03466847
1.04471373
1.0228949
1.00196502
1.01118796
1.02966029
1.01339883
1.02885632
1.04035133
1.00447942
1.00458533
1.00614294
1.03212997
1.083142
1.07667792
1.07465369
1.0839
1.10460267
1.13133661
1.10713952
1.13275263
1.13662538
1.12383611
1.15034338
1.14057247
1.14024061
1.17256874
1.19737696
1.16887756
1.12339704
1.13504516
1.14626363
1.1306895
1.12375388
1.11200218
1.11344566
1.12461628
1.1068496
1.08370368
1.10707532
1.11705248
1.11045778
1.09205034
1.07326622
1.07774471
1.07219167
1.0918886
1.08775939
1.06910314
1.06517995
1.04368345
1.04126013
1.03676826
1.07241355
1.0712602
1.07012287
1.06203838
1.08599899
1.07437081
1.08836023
1.09817803
1.08278297
1.09699168
1.11075808
1.11553075
1.11476247
1.11157673
1.10844767
1.09522844
1.1140986
1.08614508
1.07193935
1.04638541
1.02555918
1.04565334
1.05728083
1.04156622
1.04950944
1.03308215
1.05817299
1.07193604
1.09160025
1.07438079
1.06342608
1.05893874
1.06590364
1.10271777
1.11849338
1.14483726
1.16601127
1.12035062
1.11349585
1.09119189
1.04534476
1.0545362
1.05001022
1.04252107
1.04635635
1.06015624
1.04357517
1.02751351
1.06841253
1.06909353
1.06071885
1.04561712
1.0311325
1.02361857
1.02407107
1.02908954
0.99735626
1.00858303
1.02387224
1.00595703
1.00657757
0.97902276
1.00400937
0.99715162
1.00819968
1.02769005
0.98865134
0.99352778
0.95375825
0.95933323
0.96955851
0.98378592
0.9461216
0.93375962
0.90833797
0.90441309
0.93880826
0.9552589
0.94388076
0.93771599
0.95646528
0.94586026
0.97229426
0.96362426
0.93728118
0.95954299
0.98031719
0.96675451
0.95847184
0.93204178
0.94568494
0.9460847
0.95237145
0.94914604
0.95196808
0.94958133
0.95936483
0.95173312
0.96661266
0.95222678
0.96004489
0.96926699
0.97838222
0.98525138
0.96590126
0.94985935
0.94670179
0.93725399
0.9730174
0.96795712
0.97184642
0.97141154
0.93635485
0.92462066
0.9427681
0.92155552
0.91349055
0.91165338
0.89413366
0.91423022
0.95660462
0.93899942
0.94160138
0.94217956
0.97334562
0.96376444
0.99120611
0.98699566
1.00506018
0.9863943
1.00172033
0.98733641
0.96103299
0.98561659
1.00730897
0.97271556
0.95761438
0.96252419
0.94925072
0.93826255
0.95055209
0.9813447
0.96398489
0.97915751
0.98826098
0.98185907
0.99375934
0.98953779
1.01321286
1.03175959
1.03143505
1.02242801
1.0030496
1.0042092
1.01701992
0.99721853
1.00812642
1.02487552
1.03298877
1.05627899
1.04443853
1.03848272
1.07792379
1.06931342
1.08417935
1.08635461
1.10289886
1.11954353
1.09223195
1.11825784
1.14615861
1.12969172
1.14360247
1.12652128
1.09871085
1.09824713
1.13055423
1.1296382
1.14174832
1.14149072
1.11735869
1.13394251
1.09996187
1.1003085
1.12121026
1.10972185
1.13284625
1.15065254
1.1313632
1.1156087
1.1096875
1.09621834
1.09742383
1.0912954
1.111449
1.0999361
1.1046077
1.09190248
1.13907634
1.16791737
1.16279042
1.17402978
1.16541807
1.13227662
1.16330354
1.16576215
1.16758553
1.14556906
1.13506318
1.14177593
1.11166629
1.11932027
1.13852055
1.1291277
1.11742167
1.11596573
1.04737473
1.02441167
1.0357668
1.0286563
1.02190256
1.02817503
1.03781186
1.04936876
1.03991865
1.06077407
1.06671016
1.08172507
1.05203029
1.06620806
1.08548614
1.07935751
1.08840358
1.10160009
1.10527811
1.0976531
1.09481955
1.09447677
1.10681237
1.11261071
1.09549825
1.0794096
1.08327306
1.10414608
1.09387512
1.0931672
1.09201233
1.09530173
1.14809625
1.13314858
1.12578737
1.15332036
1.17738061
1.19371258
1.16470617
1.1723864
1.16449279
1.14195681
1.12332308
1.13325488
1.16869171
1.15261462
1.1313318
1.13206095
1.12134412
1.10713099
1.12927604
1.14208135
1.11967713
1.0880893
1.08910418
1.08185737
1.11636954
1.11337434
1.13241361
1.13549465
1.13878964
1.16442072
1.17932947
1.198058
1.21078387
1.1928063
1.19363902
1.1914308
1.22735342
1.23580141
1.21071056
1.23801909
1.2246673
1.22800228
1.19364998
1.19286757
1.19281187
1.20230944
1.18552716
1.20312868
1.24881321
1.25249429
1.29638095
1.28206143
1.26490511
1.25489547
1.27418319
1.25652475
1.26349371
1.25862033
1.27730976
1.29469879
1.28461902
1.29472294
1.31725277
1.32745704
1.28725179
1.2707494
1.2526083
1.23466538
1.23384005
1.20997493
1.20899911
1.20556196
1.21830961
1.20842418
1.22584029
1.25450821
1.28272923
1.26870202
1.23377981
1.24406566
1.19099773
1.18829616
1.17610467
1.1892899
1.19748157
1.1789662
1.17828467
1.16324464
1.20969927
1.20721956
1.19951122
1.20969659
1.18645853
1.19196707
1.19257063
1.18291418
1.12328514
1.1333475
1.14767804
1.16446503
1.16187465
1.18312328
1.15851333
1.16184914
1.16525657
1.1571354
1.1468582
1.15760033
1.19652386
1.20744653
1.17848954
1.18668712
1.15328177
1.14168553
1.1317941
1.09889703
1.10211051
1.08360342
1.09592996
1.09118375
1.11112566
1.13526719
1.13595326
1.13478435
1.10963055
1.06919091
1.06293805
1.07280526
1.1355534
1.1429193
1.17032511
1.15782785
1.13846139
1.15274015
1.15059137
1.12890907
1.10707168
1.0939285
1.11773331
1.13910739
1.14187102
1.1325981
1.12974035
1.15881955
1.13345033
1.14494481
1.15744274
1.14015038
1.12421584
1.10992533
1.07732236
1.08197607
1.07186197
1.08171068
1.09713713
1.07326515
1.05649563
1.03435457
1.02760542
1.04363709
1.01663915
1.01632366
0.97581239
0.97709414
0.985774
1.00895248
1.01485906
1.03558335
1.04362086
1.03567531
1.07297292
1.06348522
1.04676372
1.04865239
1.02614395
1.0283787
1.06150042
1.08402956
1.06130448
1.03772183
1.02477254
1.02610639
1.05922746
1.05759104
1.03978324
1.04815138
1.06228213
1.08764871
1.10197091
1.08656422
1.0844274
1.10536694
1.12098771
1.14444109
1.13154171
1.1219551
1.1353277
1.12183965
1.11298863
1.12861058
1.12268537
1.12851782
1.12421821
1.14077485
1.11715104
1.12046638
1.09048965
1.10171797
1.12746595
1.13731288
1.1301082
1.15390206
1.14381227
1.1226604
1.13026186
1.12159973
1.16559633
1.16282325
1.17635606
1.18947572
1.16255467
1.14574189
1.17772097
1.17472278
1.20426719
1.19682467
1.21104188
1.19650737
1.23588599
1.23162543
1.21645706
1.19789555
1.18521715
1.20047343
1.18732788
1.18867196
1.17147854
1.18005241
1.17094247
1.14842773
1.13509064
1.1439459
1.16867314
1.15692159
1.17971241
1.1626499
1.14666187
1.17612651
1.18715093
1.21864964
1.22951995
1.20725103
1.18850417
1.1956818
1.17654598
1.16634164
1.2045615
1.19124482
1.18184751
1.16896604
1.16100706
1.14927649
1.16120849
1.1541775
1.12759929
1.14336597
1.13988519
1.16597174
1.17236566
1.17845167
1.15672218
1.13451263
1.15020702
1.14513073
1.15217268
1.14916509
1.17331798
1.16537193
1.17905484
1.19237829
1.15394448
1.12994966
1.11988631
1.11946488
1.15500457
1.14262873
1.13440678
1.12890136
1.1424091
1.1522909
1.14489065
1.14450781
1.16043269
1.17109548
1.13644959
1.14775513
1.1385323
1.15915934
1.17976156
1.16903385
1.17337139
1.19220087
1.18612428
1.16349982
1.14656564
1.14683659
1.15734555
1.13680589
1.13128187
1.11246872
1.10035045
1.06533641
1.07094057
1.05536388
1.03896133
1.04674508
1.04257387
1.05575101
1.08275708
1.07581084
1.04822723
1.05318375
1.05164459
1.0341052
1.04864883
1.04602947
1.03934549
1.03502682
1.04282489
1.04884946
1.02279304
1.04648946
1.08244367
1.07324411
1.09159727
1.07135714
1.05374858
1.04058241
1.01866082
1.02003511
1.00060544
0.97338275
0.99339851
0.99318436
1.0040735
0.99813258
1.01380492
1.00870866
1.01922656
1.03362556
1.05537201
1.04205763
1.02268417
1.02365378
1.03655174
1.04390843
1.03184051
0.98671624
0.96813304
0.97699952
0.96867989
0.96996198
0.98554801
0.98269973
0.94796773
0.95032055
0.96256397
0.94616602
0.94240643
0.9307768
0.94549717
0.94557194
0.92097755
0.91728758
0.94479042
0.95895529
0.98530639
0.97877355
0.97663936
0.98865098
0.98378644
0.97372252
0.96668535
0.97794947
1.01098531
0.99634716
1.02563578
1.03004505
1.00523553
1.0170167
0.99930648
0.99303792
1.00926327
1.00764079
1.04165006
1.03621167
1.0613602
1.06499373
1.05361069
1.03383927
1.0267529
1.02503906
1.01096171
0.9964536
0.99767907
0.99656025
0.99160337
0.987552
0.97566811
0.99130587
1.00222796
0.98699914
0.98812711
0.96138751
0.95378552
0.97010331
0.9879787
0.9921681
1.01072637
0.99949313
1.00305564
0.99708636
1.01603439
1.03707885
1.05041064
1.04046321
1.06399779
1.05749989
1.03499066
1.03926116
1.05441562
1.05590988
1.03393542
1.04937357
1.0474482
1.0686206
1.05899369
1.03240527
1.01798819
1.0055256
1.00637372
0.995179
0.99216885
0.99621426
0.98415778
0.99375028
0.98199541
0.96845506
0.96802526
0.97617026
0.99059554
0.9730774
0.96083449
0.96080353
0.93795981
0.93577182
0.93820373
0.94568175
0.94442757
0.95151349
0.95645866
0.94281046
0.97284585
0.94435858
0.91129658
0.88352058
0.88041153
0.87345881
0.90152135
0.89335665
0.88884808
0.89373936
0.8971398
0.89059161
0.89120425
0.88117543
0.89929285
0.92472553
0.94544263
0.93709356
0.9281916
0.93876862
0.92399435
0.92230438
0.94401536
0.95608353
0.94394919
0.95739221
0.97358592
0.9983442
0.98961185
0.98362528
0.98545033
0.9679953
0.96281088
0.96713571
0.99884868
0.99608651
0.98351841
0.9725816
0.99117984
0.98257691
0.97052646
0.95552349
0.98819314
0.99677995
0.97834561
0.98363596
1.0002645
1.00606688
1.0008764
1.00250802
0.95588233
0.95479422
0.92463052
0.91980067
0.93810688
0.96682487
0.98084842
0.96688585
0.95977823
0.97651876
0.96390831
0.95409054
0.97203008
0.95880077
0.95600864
0.92878044
0.93366481
0.95398452
0.97340622
0.94617409
0.98183503
0.9780887
0.96891256
0.98305825
0.97205239
0.95107092
0.94194073
0.94218728
0.95236712
0.96292481
0.92821969
0.90181631
0.85796411
0.85110274
0.87320649
0.87104342
0.86721335
0.86031734
0.87643141
0.87106159
0.86645847
0.85353415
0.86918335
0.89282085
0.85480104
0.84736205
0.84745384
0.85317398
0.81936308
0.80675923
0.83048849
0.82084451
0.81748751
0.81186349
0.82779817
0.83779355
0.8055733
0.80597763
0.81666278
0.81306877
0.82600155
0.83149417
0.83210347
0.83313491
0.86454889
0.88062487
0.87351364
0.8894129
0.89746032
0.87761401
0.85566265
0.85984357
0.84461061
0.82455736
0.83244072
0.84498251
0.82530475
0.81337343
0.81504154
0.82389069
0.81162573
0.81505802
0.80123994
0.81372077
0.83918595
0.82733113
0.81088437
0.80171375
0.79594725
0.80869179
0.82328514
0.81713105
0.84362524
0.82865329
0.82438049
0.83455908
0.83555792
0.85432312
0.8546518
0.84311266
0.84632191
0.82954668
0.85338305
0.83867755
0.83547698
0.84602574
0.86440442
0.85221522
0.83932105
0.82795233
0.84726793
0.85474541
0.85129271
0.87111646
0.86596861
0.88795552
0.89712595
0.91798571
0.90159773
0.88053524
0.86541401
0.87805067
0.891169
0.88858969
0.89517835
0.88302373
0.86346798
0.89695287
0.94016208
0.95309426
0.96898859
0.97769823
0.94575316
0.93499448
0.94840496
0.93778894
0.93935761
0.92513342
0.91182487
0.90486822
0.92774139
0.95962958
0.91292985
0.92299403
0.93242619
0.92634039
0.9503612
0.95965484
0.93429205
0.93217271
0.90633785
0.89441952
0.89590573
0.88470112
0.89234722
0.89614434
0.89981497
0.9194637
0.92146632
0.95233378
1.00551976
0.99572335
0.98537787
0.97333036
0.99303142
0.97864197
0.97053652
0.9511033
0.96269152
0.96253864
0.98825844
0.97374664
0.95916156
0.95288003
0.93031133
0.94322001
0.96139758
0.98844103
1.00535908
1.03527283
1.06105753
1.04148401
1.01947697
0.99884729
0.99019548
0.97958993
0.97623352
0.96950703
0.99807703
0.98219848
0.98558102
0.99394913
0.96123443
0.97377354
0.97600304
0.96207851
0.92651211
0.9259143
0.93217028
0.95316308
0.96737904
0.99242265
0.98729867
0.99014753
0.99737853
1.01878063
0.99395936
0.99548176
0.96274717
0.96036334
0.93279804
0.94378379
0.95636534
0.98454012
1.00878116
0.99806656
0.98262573
0.99318897
1.00546272
0.99440431
0.99413258
1.01161622
1.03073505
1.00841837
0.98167987
0.95390208
0.9609321
0.9548724
0.97947602
0.98727091
1.00737828
0.99218089
0.98752171
0.99540985
0.97014244
0.97649922
0.98910002
0.9969351
1.00504694
0.97297928
0.98317833
0.99433701
0.99451601
0.99355563
0.99844198
1.01729426
1.02938062
1.00206049
0.96314842
0.95202052
0.9765191
0.9587122
0.95813657
0.91998642
0.91098908
0.89654909
0.91363001
0.91502376
0.91132316
0.91000424
0.92474868
0.93609306
0.93914979
0.92796071
0.87661532
0.8907626
0.8926618
0.87689537
0.89328169
0.89306748
0.88836003
0.91034088
0.95028342
0.94804765
0.92910487
0.93154508
0.91014352
0.89840178
0.89184426
0.88943239
0.84899735
0.86914908
0.87451733
0.86448858
0.86445485
0.86978114
0.86906624
0.87913183
0.85338309
0.85943033
0.84084407
0.85048929
0.83704711
0.8254553
0.80755068
0.82960177
0.85217648
0.84548346
0.86933891
0.87473547
0.84982074
0.85302102
0.84553261
0.8347236
0.88513251
0.86865575
0.85961392
0.85602501
0.83853741
0.8481722
0.85954393
0.8664102
0.85070186
0.86854275
0.87279872
0.89284037
0.86952113
0.83879009
0.85480279
0.86347009
0.87036608
0.8634043
0.87478907
0.86946777
0.84547145
0.84821887
0.84879407
0.85508379
0.85237472
0.84006526
0.82768776
0.84381511
0.83467958
0.83370184
0.84596095
0.84123574
0.83633213
0.81464601
0.82410186
0.84301266
0.85067182
0.84428928
0.8488517
0.86202093
0.8237533
0.80692479
0.81063656
0.80597355
0.83148707
0.81927922
0.84680363
0.85478716
0.89415303
0.89061136
0.92290241
0.95944824
0.96493203
0.98886514
0.9756706
0.96024356
0.9354981
0.95101706
0.93758204
0.93803395
0.96093956
0.96881149
0.94769325
0.96204375
0.94267923
0.94321092
0.93626186
0.94463966
0.94127301
0.95791662
0.9768789
0.95763551
0.95881201
0.95222957
0.96159062
0.98119393
0.98949396
1.00512712
0.98332263
0.97111543
0.93531903
0.91454654
0.91466517
0.89297701
0.93025858
0.930402
0.92533123
0.92450723
0.94106359
0.92791814
0.94513219
0.96888823
0.93028177
0.93108394
0.94544614
0.97098358
1.00559435
0.9903333
0.98407752
0.99659068
0.96526132
0.97799022
1.00025413
0.99391386
0.9909953
0.99108841
0.96794262
0.97345439
0.94744033
0.9591816
0.94690809
0.94340151
0.96892054
0.99727065
1.00113413
1.00594711
0.96096313
0.96766443
0.98533246
0.98988015
1.01503843
1.00639563
1.01862028
1.0310605
1.00074122
0.99057062
1.01967675
0.99665408
0.99390186
0.99243109
0.96088635
0.96833734
0.95450413
0.94929487
0.93874691
0.92367722
0.92308705
0.92062181
0.92814488
0.93082821
0.93816276
0.9231118
0.93391513
0.94219441
0.90106336
0.89517379
0.89291208
0.88230396
0.9249913
0.90813062
0.90186832
0.91910496
0.92313745
0.91139739
0.94450499
0.94846625
0.91735333
0.92043876
0.90621061
0.93143039
0.95811673
0.94749043
0.93870969
0.95519467
0.96515398
0.98034533
0.97377324
0.94411046
0.90511944
0.91808163
0.91278942
0.92437785
0.9095953
0.92301979
0.9312054
0.94425475
0.92229831
0.9056158
0.89507118
0.88624499
0.92467969
0.9265226
0.91505453
0.92270357
0.92065082
0.90840117
0.92640102
0.92431557
0.92388292
0.94802066
0.94625459
0.93711493
0.90984195
0.90411406
0.91845955
0.89486581
0.88758276
0.84996547
0.85243436
0.84340807
0.85247637
0.85434081
0.86248108
0.86306281
0.82872558
0.82125352
0.83617741
0.82198445
0.82802102
0.81176625
0.79062312
0.78574671
0.78476817
0.79819314
0.79944147
0.80599456
0.84198824
0.85338015
0.82836348
0.83686005
0.82667843
0.81274974
0.82674638
0.85505449
0.84382188
0.8514111
0.86707552
0.8884543
0.89696448
0.87764227
0.85498686
0.87659145
0.89034271
0.898221
0.87053207
0.87781933
0.89779234
0.9143382
0.92706695
0.90523696
0.89345557
0.9030626
0.9001387
0.92039044
0.93482116
0.92273787
0.89964512
0.91221977
0.91211409
0.90536384
0.88984297
0.89391614
0.87140296
0.88192084
0.8935703
0.89940675
0.88094637
0.87818984
0.88826547
0.87076103
0.86012577
0.88036247
0.85704899
0.84035864
0.86538395
0.89593369
0.88748418
0.86947083
0.87820292
0.84861574
0.84251823
0.85750251
0.87396905
0.89448478
0.89798751
0.91458578
0.87491365
0.88928211
0.89659169
0.89411896
0.90421995
0.8975369
0.88672852
0.8731591
0.91305187
0.92093279
0.9022806
0.88296188
0.86866688
0.84678333
0.85316727
0.86030432
0.85858187
0.86923284
0.85018663
0.82239559
0.80369365
0.79612514
0.80232832
0.8053025
0.77980615
0.78954346
0.79220827
0.78188606
0.79201358
0.78310603
0.78473604
0.80040029
0.82581078
0.81673289
0.80593641
0.78803475
0.79390336
0.80787869
0.8121366
0.79770678
0.81380746
0.82900797
0.8450769
0.84895757
0.81051631
0.80372204
0.78082524
0.78440844
0.77422212
0.78388945
0.79995875
0.78827991
0.81970685
0.8095394
0.79371225
0.79401142
0.7926086
0.78460259
0.7780718
0.77212044
0.77304571
0.79686319
0.789282
0.78498927
0.7431024
0.74077189
0.73657679
0.74009339
0.71489834
0.73076763
0.7447121
0.74553342
0.74085368
0.73856541
0.75986682
0.75399101
0.7377185
0.75630082
0.76007607
0.75460419
0.77267058
0.77842662
0.77962193
0.7852209
0.75481769
0.73968487
0.7609649
0.75774342
0.76201954
0.77673652
0.77476274
0.77124535
0.80174402
0.81544133
0.79918535
0.78375267
0.78927736
0.79438174
0.78457227
0.79646545
0.79471572
0.79836769
0.78388049
0.77206877
0.78966297
0.80010257
0.78176676
0.79726409
0.8337506
0.84901185
0.83279531
0.8159574
0.81688467
0.80870466
0.81966769
0.84425455
0.8532317
0.8590164
0.85251912
0.83911355
0.86081121
0.8353228
0.85602045
0.85630237
0.82236408
0.81314388
0.8219697
0.83763584
0.84524755
0.86576252
0.82570092
0.82367519
0.82082308
0.83654251
0.80282371
0.79637722
0.77851622
0.78650464
0.75815293
0.75615523
0.75358485
0.76119689
0.76541714
0.77908342
0.77865322
0.79781848
0.80974864
0.81471241
0.81751064
0.84992236
0.84250539
0.82944219
0.83164246
0.8287289
0.82177852
0.80392146
0.85959631
0.87194331
0.86090952
0.88625578
0.90642681
0.90102502
0.92390366
0.90317835
0.87155276
0.85588533
0.86918279
0.87668203
0.87770398
0.8917981
0.9028963
0.86545851
0.8496442
0.87179847
0.89109694
0.88219283
0.9114064
0.89246381
0.89159071
0.88264998
0.90203998
0.8986426
0.91941131
0.94070369
0.95739502
0.95285245
0.93298175
0.93620374
0.89088743
0.87676569
0.90097836
0.8787198
0.85530636
0.84169632
0.85155089
0.88263041
0.91722227
0.91266633
0.88955644
0.89594815
0.8762481
0.85550259
0.86713956
0.88213208
0.86116546
0.85611987
0.87125074
0.89866246
0.85640603
0.85136834
0.84796559
0.85311581
0.83461582
0.82400888
0.83533558
0.83930413
0.81095632
0.82160925
0.83482249
0.84620251
0.87292659
0.8952981
0.90404208
0.88847272
0.87259122
0.88081268
0.88066204
0.8831226
0.86155488
0.86801678
0.86547406
0.84572257
0.83244262
0.81832061
0.83974171
0.87367804
0.86835454
0.84569291
0.84083733
0.83536446
0.86179199
0.86426532
0.84109749
0.82916572
0.81495148
0.81208897
0.83556511
0.8250948
0.80969083
0.80369784
0.82100492
0.80765789
0.81000901
0.82047682
0.81890073
0.80874119
0.83336629
0.81755929
0.83038045
0.81527192
0.81631884
0.82484139
0.82164011
0.81834652
0.83188624
0.83172261
0.84777898
0.84891807
0.82681429
0.83084924
0.79978486
0.81045319
0.839547
0.82700985
0.81965983
0.82490851
0.81533086
0.80871023
0.81655749
0.82761244
0.81417265
0.81963815
0.78715652
0.77885214
0.78257069
0.77041132
0.76446552
0.7638534
0.78310788
0.78796986
0.7632514
0.77388761
0.77863721
0.77412939
0.75711088
0.76999355
0.79180831
0.80255565
0.78915174
0.75842849
0.75063676
0.75813018
0.73571813
0.7361316
0.74592182
0.76306314
0.77167159
0.78699552
0.75913373
0.74537069
0.72093758
0.72337287
0.71833048
0.72466454
0.73815595
0.75913035
0.79521993
0.79767752
0.79570458
0.79377312
0.79050299
0.76238224
0.76130258
0.74612341
0.75398642
0.74871932
0.73243898
0.73304548
0.73111668
0.75444633
0.74484675
0.75302985
0.78580133
0.80075935
0.80921259
0.82534151
0.80129647
0.78723886
0.77782283
0.75921062
0.76172689
0.75217561
0.76920813
0.7814096
0.7476241
0.75037355
0.73553391
0.73806485
0.72416151
0.75488955
0.7618464
0.75250186
0.75936977
0.76610656
0.74211003
0.71885712
0.69579688
0.69417481
0.70745146
0.71452164
0.71524304
0.71969228
0.74653496
0.74988092
0.77238705
0.76927384
0.7419653
0.75412998
0.73665684
0.72326035
0.76637964
0.75823524
0.76488908
0.75834949
0.76623306
0.78628735
0.79348087
0.77265398
0.75881684
0.74815022
0.74366358
0.74720155
0.78015595
0.7601012
0.75654799
0.7651774
0.72292833
0.72574461
0.7203073
0.71835671
0.71622569
0.70639097
0.73827747
0.73753079
0.74808758
0.75147012
0.7433591
0.75842577
0.73885251
0.75781336
0.75277341
0.74356745
0.72397226
0.71210177
0.7342763
0.7193203
0.71197854
0.70388362
0.70618804
0.68917362
0.70487761
0.70967511
0.7152982
0.70782195
0.70681875
0.70460138
0.67696302
0.66914845
0.66239652
0.64439888
0.69786688
0.69305418
0.66434142
0.68048651
0.69594806
0.70365715
0.69987877
0.69267526
0.70318621
0.70471469
0.73726805
0.72318187
0.70668163
0.70875708
0.69931997
0.72187401
0.75269004
0.73278375
0.73382047
0.72737754
0.71826569
0.72010997
0.71917211
0.71534627
0.75532061
0.75595074
0.74910512
0.7744896
0.7838945
0.77392755
0.78474283
0.77455585
0.74700231
0.73796642
0.73900209
0.76503033
0.79078213
0.76473119
0.75786253
0.73384068
0.75104965
0.74792703
0.73066367
0.73775947
0.73140082
0.71699296
0.69112012
0.68565333
0.6795798
0.68690697
0.69360616
0.69933765
0.67562334
0.68644606
0.68961164
0.69913765
0.70628804
0.70068708
0.70643423
0.71728995
0.69674854
0.68248031
0.69698836
0.69267239
0.69445143
0.7123383
0.70026753
0.70365753
0.6838496
0.67715281
0.67592693
0.66613105
0.70452817
0.69920546
0.73014935
0.70524949
0.70994267
0.70640614
0.72241269
0.73174281
0.70984822
0.70505329
0.70695423
0.72223736
0.71691277
0.72248895
0.70463536
0.71219815
0.71809474
0.71276948
0.71856637
0.73608949
0.73746503
0.72246146
0.75553632
0.77719188
0.74540483
0.72373245
0.7242268
0.73443799
0.71245226
0.6892954
0.6972314
0.70759096
0.72156015
0.73392235
0.73084274
0.72269032
0.73058952
0.73789093
0.76740846
0.77484418
0.77315437
0.77595893
0.78189393
0.75855829
0.76170421
0.73545596
0.74812827
0.76606036
0.71266251
0.70026704
0.68835126
0.6776715
0.68984457
0.70501217
0.71947766
0.74161343
0.74380614
0.7322262
0.73532636
0.7455022
0.72015766
0.70611887
0.72606622
0.73519296
0.74073611
0.77526261
0.78285261
0.79786673
0.78794109
0.78575563
0.77838092
0.78876499
0.7828141
0.79653007
0.81038497
0.79357472
0.78751146
0.80515343
0.82695987
0.81630058
0.84221625
0.82094739
0.80502357
0.82459992
0.86299467
0.85177908
0.83583865
0.85036708
0.83755006
0.8286739
0.85118562
0.85978363
0.87103116
0.86985974
0.89468535
0.90291726
0.85143161
0.85300999
0.84635471
0.86551323
0.84006919
0.84426767
0.82119208
0.8309334
0.82409845
0.83224675
0.83417231
0.85362436
0.85180289
0.83284574
0.84462373
0.86097438
1.00417375
0.98893811
1.02175338
1.0136657
1.00127924
0.98767971
0.99409078
1.00292911
1.02495472
0.99334298
1.00799674
0.99442096
0.99508312
1.01102364
1.0321467
1.01999336
0.99141815
0.9694414
0.95572534
0.95968747
0.94478822
0.95682036
0.94721711
0.9519064
0.9563369
0.97142094
0.97957989
0.99107952
0.97856124
0.98437132
0.98277938
0.99981753
0.98163184
0.96101065
0.94438193
0.95346754
0.95235582
0.9380145
0.9193268
0.93390571
0.96296684
0.98082965
0.97354114
0.9580627
0.96202562
0.96245747
0.97842803
0.96804788
0.93758336
0.95689983
0.97323472
0.9560511
0.96174244
0.95787621
0.94979394
0.97084811
0.97973135
0.97371554
0.98302496
0.9750631
0.98397902
0.9740754
0.96774621
0.97195905
0.99855923
0.98589462
0.98873654
0.99070427
0.97522222
0.97491391
0.98545374
0.96375903
0.93857972
0.93627368
0.96047773
0.98406983
0.98002935
0.95823736
0.95094413
0.95919009
0.95707815
0.97179515
0.97894491
0.97741602
0.94826641
0.93695233
0.91579215
0.89283823
0.90864977
0.8957801
0.87894042
0.88256652
0.86960626
0.88932405
0.87313198
0.85958988
0.8588533
0.84958189
0.87400317
0.88381721
0.8680195
0.84355839
0.84557084
0.86389848
0.90269275
0.88185923
0.87353274
0.88548428
0.87629455
0.88589896
0.87582325
0.87615868
0.88384089
0.87037937
0.89821113
0.89158364
0.90538285
0.88845383
0.86871978
0.89411989
0.89018273
0.89971801
0.90706078
0.89861605
0.93260139
0.92502476
0.91950507
0.91099639
0.91303229
0.90969852
0.94030054
0.92877502
0.92990976
0.92224309
0.92905766
0.94978418
0.90835079
0.91150772
0.89633846
0.90171939
0.90673883
0.92595744
0.93500081
0.95124779
0.9751947
0.96390594
0.96566024
0.97132687
0.9655995
0.95664015
0.98212587
0.97855967
0.97959225
0.97061188
0.96576497
0.93984353
0.92802456
0.92605198
0.92863168
0.93938422
0.94320349
0.9493564
0.92447052
0.92535173
0.92233008
0.93170301
0.93104376
0.91492843
0.92044312
0.91945077
0.90858474
0.9042205
0.87195925
0.87271111
0.85865936
0.86103807
0.89478573
0.92850429
0.94409307
0.95050292
0.95440461
0.96477315
0.96104956
0.95229888
0.99169771
0.98346335
1.01269798
0.9969642
0.98225981
0.98869026
0.97995922
0.96570691
1.0046331
0.99312224
0.97768492
1.00601955
1.00925927
1.02346078
1.03150889
1.03840396
1.00991873
0.99774107
0.98851631
0.99895307
1.0084226
1.02810406
1.02128188
1.02199067
1.03147178
1.0705852
1.03854145
1.0441791
1.01814469
1.0217755
1.04693429
1.03165638
1.03975195
1.02178457
1.01840627
0.98568924
0.97453706
0.96008748
0.96931373
0.97409012
0.9416785
0.93916713
0.93136329
0.9318705
0.96196545
0.96662449
0.9619623
0.95277001
0.95958085
0.95790798
0.97842016
0.99468626
0.99507036
0.98023881
0.96169435
0.97237071
1.00654993
0.97606783
0.96784322
0.98552304
1.01766084
1.01016899
1.00104594
0.98449445
0.94269794
0.95258626
0.95343742
0.96055277
0.95858331
0.96665555
0.97953524
0.98513954
0.96966784
0.95928786
0.93984975
0.93295085
0.93202604
0.95237457
0.94774137
0.98450977
0.9867744
0.97272023
0.98976076
0.97075051
0.96418507
0.96589286
0.96300404
0.95610359
0.94938828
0.93235878
0.95533606
0.9729043
0.96599851
0.95361738
0.95862767
0.97836344
0.95176895
0.9624306
0.96880912
0.96883602
0.96518527
0.94550509
0.91991322
0.93304778
0.97368089
0.99044126
0.98070754
0.96416005
0.97039452
0.95842173
0.94408025
0.96324036
0.99960328
0.98564026
0.98714852
0.97509281
0.96228287
0.98130171
0.96358697
0.95858804
0.93390217
0.94722009
0.95282355
0.95839229
0.95972621
0.97351714
0.97601261
0.97083994
0.99361607
0.98647871
0.98329265
0.95744764
0.94927815
0.94521657
0.95550725
0.95712542
0.95124581
0.9584233
0.94437932
0.93325514
0.93955264
0.92515076
0.96015391
0.95300599
0.96454341
0.96542298
0.97759142
0.99598975
0.96109081
0.95234358
0.97097174
0.98967624
0.98425353
0.99434928
1.01113577
1.03746731
1.00494654
0.99839129
0.96603081
0.9710414
0.96310527
0.95485915
0.9764473
0.96506107
0.97006052
0.99018055
1.00437994
0.99557466
0.97564016
1.00690606
1.01377298
1.0303539
1.01987869
1.03748652
1.06388671
1.04405356
1.03863741
1.06544661
1.04593656
1.05204746
1.05726915
1.06717677
1.0835549
1.10915651
1.12387319
1.09893032
1.10093009
1.10804544
1.09261171
1.07445525
1.06517991
1.05321907
1.08640914
1.08584975
1.05982844
1.07034445
1.06951748
1.05328085
1.04601074
1.03446674
1.05387924
1.0348624
1.04860407
1.06097102
1.06603843
1.0530361
1.04392026
1.05069761
1.02660657
0.99913623
1.00297909
1.00344408
1.00513035
1.01831685
1.04671981
1.03447426
1.03588626
1.03193815
1.01615565
1.00294658
0.99175303
1.00270109
0.97697125
0.98318662
0.99120931
1.00260935
0.98249301
1.00039157
1.00855362
1.0292725
1.04595122
1.02756566
1.03056966
1.04976257
1.07559473
1.04972036
1.02858277
1.02740802
1.04571913
1.07018713
1.08204617
1.07336556
1.06974724
1.06413216
1.08262489
1.09377185
1.06464624
1.06432693
1.04172114
1.02761937
1.0413965
1.02530024
1.01094661
1.00015123
1.02110492
1.01774355
1.03540954
1.0473614
1.05610858
1.06486847
1.04164522
1.03162685
1.0468308
1.07594013
1.09836406
1.12422916
1.10498819
1.12143911
1.14070566
1.16011643
1.12685565
1.1316584
1.11845789
1.13701208
1.12517008
1.11630328
1.16326882
1.19709052
1.16908513
1.13716955
1.12067954
1.11185428
1.08927117
1.08371829
1.10685705
1.08097194
1.06388366
1.07385918
1.09047374
1.09624292
1.10091425
1.10353984
1.06664628
1.06881633
1.07076867
1.06263278
1.03047425
1.01235595
0.9924556
1.00813622
1.00765621
1.00310307
0.9849738
0.98141627
1.01259497
1.0014395
0.99972291
0.99319923
1.01690261
1.03050333
1.03388836
1.02707645
1.02745505
1.03608457
1.03649598
1.04729341
1.01470477
0.98810891
1.02425865
1.00555431
1.00324064
0.99649197
0.9763965
0.99895818
1.022908
1.01783258
1.00556791
1.00257485
0.99934759
1.00670843
1.03257616
1.01448375
1.01296312
1.00501585
0.98895581
0.98230477
0.97275291
0.97440276
0.98017299
0.99443416
1.00082433
0.98891454
0.98435515
0.97342326
0.97090521
0.9676975
0.99600934
1.00034834
0.99723511
0.98993395
1.03138601
1.00548964
0.99752578
1.02912401
1.0399731
1.0432143
1.04403599
1.03778749
1.03952204
1.01064814
0.97010312
0.98543263
0.96350658
0.95455343
0.97652744
0.99442745
0.96403955
0.96934374
0.96712395
0.98980243
0.97584801
0.987993
0.96258379
0.95469596
0.9681243
0.95665147
0.90643333
0.90707344
0.91893214
0.92182349
0.94777706
0.92807946
0.92822514
0.92308918
0.94564534
0.97235938
0.95733326
0.93477873
0.94829859
0.91699161
0.91831747
0.93091482
0.89524371
0.90719862
0.90829356
0.88988
0.90672458
0.92025847
0.92170949
0.91909422
0.93393847
0.9454582
0.94862731
0.93352944
0.93325021
0.92915891
0.96130685
0.95063741
0.93367857
0.93608141
0.92037485
0.91411547
0.91659241
0.92429912
0.92979896
0.9268149
0.89220053
0.90138273
0.91179364
0.9074688
0.90167388
0.89801915
0.87791469
0.89224446
0.94467616
0.94571197
0.94013803
0.95061053
0.94899659
0.94879917
0.94560824
0.93505908
0.9322739
0.94713181
0.93772468
0.94144604
0.9182328
0.92895051
0.92988421
0.93806828
0.95807433
0.94119248
0.94061682
0.93523686
0.96967091
0.99482993
0.97630734
0.99104811
1.00521734
0.99720457
1.00964913
0.99911068
1.02116454
1.02220454
1.03814378
1.07748018
1.07525539
1.06450413
1.08496585
1.09433393
1.07140827
1.06033108
1.07675151
1.09923235
1.09531164
1.08431503
1.08523642
1.0821964
1.11542385
1.10309583
1.10739829
1.09746795
1.149841
1.14575567
1.16612789
1.17605386
1.13587411
1.1112421
1.14132174
1.13643971
1.11703532
1.13432909
1.15174266
1.14315419
1.13682532
1.13821446
1.13008575
1.10895399
1.10570872
1.08892826
1.07736096
1.0677615
1.07020321
1.05536666
1.04607711
1.04623633
1.08471978
1.07696209
1.07103194
1.08753741
1.08127801
1.0890697
1.07369008
1.05663
1.0993575
1.08603902
1.06477159
1.04516119
1.05336676
1.05312657
1.03185601
1.05054252
1.09404155
1.08639401
1.11617285
1.11032485
1.0962177
1.0723332
1.04997592
1.04692567
1.05663715
1.08421581
1.06931634
1.0600759
1.09364496
1.09013661
1.12274296
1.1406306
1.09827265
1.07861435
1.08378384
1.07240394
1.05584252
1.05208018
1.06465354
1.08586568
1.08863458
1.07998543
1.05562834
1.06329431
1.06983839
1.05307921
1.02146886
1.03339885
1.03895852
1.02742939
1.03650142
1.05034243
1.02131962
1.02132331
1.03515364
1.0269004
1.05464466
1.06267144
1.03010156
1.03122519
1.05078629
1.06865434
1.05917393
1.04738309
1.06300961
1.0582498
1.0409015
1.01365313
1.0119803
1.01905254
1.00913093
0.98874836
0.98175193
0.97521278
0.98676441
1.01244615
1.02026345
1.00148627
0.99210262
0.9888002
1.00729932
1.01453095
1.02225526
1.02166075
1.01354353
1.0196817
1.00936859
1.01027231
1.05693122
1.08487186
1.08175894
1.06969852
1.06069682
1.05436045
1.02987294
1.00446254
1.02455305
1.03529145
1.03858242
1.04623656
1.06834722
1.05786491
1.03949153
1.04886527
1.02323552
1.02882689
1.03896091
1.02081837
0.99911659
1.01912655
1.04234893
1.01979731
1.00519869
1.02145248
1.02238184
1.03559552
1.00244416
1.01695487
1.02431234
1.02884847
1.09083572
1.08250254
1.10883952
1.12284416
1.09976237
1.10564271
1.11969436
1.15652491
1.18189176
1.18632543
1.16345725
1.14674357
1.15471388
1.12889333
1.14454752
1.16464845
1.1378791
1.11708624
1.12582224
1.13766691
1.10588331
1.07660885
1.09934463
1.12907411
1.13165406
1.12776045
1.13741154
1.13199997
1.17746488
1.17800274
1.17858177
1.14326547
1.13507416
1.14336463
1.13249408
1.12215235
1.13542844
1.15993031
1.17394104
1.15744736
1.17014297
1.15319971
1.15660557
1.13901919
1.16899944
1.19328155
1.16930806
1.18214396
1.18918887
1.21723571
1.23256499
1.21726993
1.18333519
1.19740735
1.21387261
1.22778846
1.22798586
1.22121288
1.21203474
1.19255802
1.18347615
1.17596262
1.19934765
1.21474562
1.23212113
1.22310228
1.26345179
1.24198899
1.22017621
1.23258747
1.2238018
1.19865448
1.20315394
1.18562056
1.20412742
1.19015323
1.19310669
1.20941675
1.21942497
1.20888625
1.23203557
1.25826663
1.23733052
1.20132176
1.20083091
1.22740367
1.22944231
1.25442514
1.31544969
1.29403098
1.27229174
1.26432542
1.24399209
1.24202371
1.21036385
1.17936313
1.12132302
1.12786909
1.09932035
1.08492565
1.11679568
1.13706728
1.10429294
1.11982482
1.12963478
1.15422999
1.12829636
1.13230681
1.10589663
1.10875775
1.12415942
1.14176764
1.13342272
1.1442645
1.15991462
1.15071319
1.15674107
1.13114743
1.13604806
1.13562101
1.16943523
1.15101043
1.14267639
1.15273236
1.15013724
1.14571088
1.11531877
1.13506936
1.12567888
1.10663218
1.13227185
1.12799967
1.15505606
1.12471257
1.09574458
1.10865116
1.09749154
1.09754277
1.12691626
1.10294229
1.09405204
1.1072783
1.09052228
1.08696736
1.14289454
1.12995024
1.11998332
1.12896624
1.12108782
1.12179657
1.1074229
1.08956498
1.10034665
1.13153491
1.12142775
1.13491734
1.11160939
1.09725009
1.07658521
1.07353305
1.01994641
1.03448015
1.05758699
1.04245165
1.01302694
0.99003683
1.00683949
1.01670138
0.99460195
1.00956726
1.03620778
1.01501864
0.98564973
0.99298359
1.01056766
0.9867562
1.01036844
1.042297
1.06817181
1.036197
1.02167439
1.00670076
1.00671162
1.0224927
1.02585657
1.01332081
1.01334178
0.99997221
1.01085755
1.00463318
1.01368506
1.02486417
1.01819522
1.01642468
1.04970931
1.0346605
1.01186173
1.02697458
1.0431671
1.0606813
1.06245927
1.02914111
1.0612285
1.04599521
1.05056174
1.06240269
1.06552765
1.0746543
1.0277438
1.0161106
1.01014839
1.0011581
1.01538041
0.98677283
0.98309859
1.00763532
1.02582121
1.03708824
1.02226504
1.02823778
1.05905227
1.08388912
1.06401751
1.04884807
1.06462565
1.05838231
1.04633879
1.04208778
1.08996787
1.08293643
1.09329943
1.07074772
1.03000386
1.03402299
1.03766248
1.04213906
1.06295128
1.0773676
1.05594242
1.08879519
1.09860766
1.09860087
1.12656208
1.12678125
1.13302154
1.15109555
1.14523025
1.15297792
1.11154317
1.10192027
1.10366082
1.11931757
1.11722403
1.10035325
1.08936441
1.06207333
1.05306286
1.05925135
1.04759391
1.02923546
1.01062765
1.03113314
1.04280057
1.04640748
1.053878
1.06499438
1.06819029
1.07522905
1.08587899
1.0742406
1.05066667
1.06226354
1.08184536
1.07820737
1.08814889
1.09917182
1.08733358
1.07735285
1.07651034
1.07944779
1.11931601
1.12602298
1.10734941
1.11265045
1.09922255
1.07136322
1.04571961
1.03985762
1.00785089
0.99494261
1.00502942
1.00581024
1.01947187
0.99967923
1.00493445
1.00827273
1.00364088
1.03550408
1.04079305
1.02817507
1.02701524
1.02341618
1.03719754
1.05715104
1.0367871
1.05689756
1.08317227
1.07602417
1.0987584
1.09411584
1.06740921
1.07714495
1.02938593
1.02012523
1.02734531
1.04902583
1.04423698
1.04736786
1.04175379
1.04997637
1.01884739
1.02113709
1.02895703
1.00953994
1.03368602
1.03592678
1.02254113
1.018984
1.01111614
1.02558757
1.03262312
1.03158426
1.00399981
1.01182425
1.00977111
1.004745
1.03432978
1.05981192
1.03525053
1.04744437
1.0503342
1.07480402
1.07116235
1.09561679
1.0718165
1.06876627
1.03937127
1.04784952
1.02648453
1.01357711
1.02883716
1.0085308
1.01365952
1.01309135
1.02771459
1.03536573
1.05693981
1.06492373
1.07105113
1.05602903
1.06956811
1.0535608
1.08262364
1.0737986
1.09452073
1.10432188
1.08640881
1.07337163
1.07396931
1.0448341
1.02016568
1.02937088
1.04913494
1.03933759
1.04183597
1.05104542
1.01488273
1.01798324
1.00329288
1.00209376
1.00446838
1.02034819
1.04598411
1.022007
0.9914242
1.00256741
0.99791354
1.01251658
1.00416482
1.02307473
1.04695788
1.04511348
1.05862544
1.04798673
1.05676135
1.06711214
1.06170681
1.05168344
1.03931759
1.0493423
1.03775465
1.05013943
1.06438645
1.04940939
1.0472722
1.05509869
1.05633706
1.04430646
1.03820387
1.05336722
1.08412109
1.07901967
1.09531139
1.11817592
1.1248888
1.10872028
1.11572158
1.12415949
1.13340568
1.14478778
1.11617739
1.1373079
1.1169432
1.12884097
1.13504056
1.1196315
1.13013904
1.10849465
1.09149628
1.10601813
1.12241859
1.11046453
1.13626505
1.15016468
1.15934473
1.13245607
1.12145602
1.13286955
1.14359622
1.15141805
1.1501745
1.12114416
1.13180466
1.14381999
1.1350067
1.14434222
1.15158911
1.15340518
1.08185315
1.0615474
1.05028927
1.06617113
1.08291699
1.09760017
1.07221452
1.07641102
1.08036107
1.09670277
1.1122241
1.11417102
1.09407282
1.11264277
1.08660164
1.06869532
1.08440028
1.11755098
1.0959245
1.10948685
1.12073636
1.10369792
1.12382572
1.1362924
1.12182449
1.13202259
1.11151877
1.09097321
1.10573305
1.08241807
1.08157097
1.09683382
1.09700971
1.10122884
1.10536609
1.09045386
1.07519087
1.07657734
1.04584148
1.04385503
1.09761315
1.10948026
1.13681884
1.12316572
1.10237293
1.10279948
1.08001877
1.07946839
1.07281046
1.04989767
1.04658168
1.06609777
1.10099127
1.08250021
1.07656991
1.07667244
1.06793272
1.04497743
1.01772082
1.03159854
1.04395736
1.02933399
1.05785427
1.03861307
1.04046591
1.0256956
1.04440696
1.06257752
1.03592485
1.03402637
1.02013353
1.01997448
1.02849927
1.03243549
1.04841787
1.04489255
1.04485893
1.03290275
1.03140163
1.02254259
1.07448053
1.06994248
1.06475177
1.0916352
1.10033686
1.1308879
1.10991085
1.10961641
1.074948
1.08511754
1.10070968
1.08492546
1.10538861
1.12516781
1.1198626
1.12029532
1.14803029
1.14016648
1.1602091
1.14793579
1.13874004
1.16014895
1.17695238
1.18624871
1.18276577
1.16776589
1.18614661
1.17404382
1.18217131
1.19544655
1.21205983
1.1972332
1.18849398
1.16777185
1.16275964
1.141008
1.17282405
1.16480159
1.15523762
1.13657382
1.128813
1.10340019
1.12937021
1.12017078
1.1073978
1.08052735
1.11802087
1.12786694
1.15894486
1.13969646
1.13133778
1.12219743
1.13714026
1.15175372
1.16407579
1.17636693
1.1368598
1.13287027
1.14567348
1.14731557
1.15021893
1.13216486
1.12062599
1.15146802
1.19660692
1.18970517
1.18151998
1.17477319
1.21156238
1.20152583
1.23642806
1.24883489
1.20467668
1.21746704
1.19819946
1.18634959
1.19937891
1.18008183
1.17488882
1.18214845
1.15159821
1.13384436
1.146039
1.1415981
1.1746597
1.16661598
1.16037219
1.16475347
1.16714439
1.17996084
1.15609708
1.16456586
1.17322704
1.18503032
1.16782412
1.16211217
1.18612655
1.18868307
1.21014481
1.22210373
1.25860178
1.24379666
1.23333814
1.2183618
1.21097405
1.19555342
1.21027409
1.2304465
1.22654508
1.23180098
1.22857898
1.20071776
1.20735742
1.23155819
1.22341232
1.21531444
1.23958291
1.24139779
1.23240185
1.24618945
1.21235349
1.19888606
1.22489432
1.2329307
1.24760973
1.24133683
1.24043107
1.24323183
1.2764952
1.28725904
1.265589
1.27970958
1.28261477
1.30564955
1.31513154
1.29380128
1.2714958
1.25050955
1.22460327
1.23517548
1.2470353
1.26651442
1.24898209
1.23216839
1.26900067
1.256948
1.27358389
1.30609729
1.27544852
1.25753646
1.28030112
1.30248489
1.34040175
1.31968901
1.29535541
1.30686907
1.2812657
1.29182794
1.28759761
1.25516573
1.25300224
1.24129707
1.22629507
1.2306392
1.23225017
1.21996729
1.21136627
1.19395827
1.22875394
1.21973049
1.23988874
1.22888484
1.2242144
1.22716052
1.24497376
1.26350087
1.19778451
1.20433496
1.23053423
1.20962149
1.21873455
1.21331414
1.18683422
1.18775491
1.15784312
1.1665551
1.13912933
1.1446955
1.16785869
1.18990011
1.18783534
1.18490511
1.21875943
1.2124226
1.23208604
1.26612212
1.22216671
1.23393649
1.24524362
1.23175066
1.22407547
1.22996515
1.21439512
1.22262052
1.23329697
1.23918845
1.23971068
1.2497112
1.23087848
1.23966791
1.21351442
1.21323868
1.20661603
1.20515302
1.231759
1.21832429
1.23149185
1.25840515
1.25419988
1.23436812
1.2873412
1.27367592
1.26118485
1.27314179
1.26101808
1.25133239
1.26174814
1.26607299
1.28445628
1.28941902
1.26529674
1.28390348
1.33309321
1.32617357
1.31902155
1.32193482
1.30597298
1.30931903
1.28995252
1.29008789
1.29521573
1.28237112
1.30493897
1.30145985
1.27097139
1.28494136
1.29206101
1.31551898
1.33424434
1.35138276
1.32069078
1.31565961
1.35153459
1.34552259
1.33331527
1.30880297
1.31019202
1.30317438
1.33905286
1.33427688
1.28489257
1.29640788
1.31778602
1.30550735
1.33184569
1.34968149
1.35937945
1.37637827
1.31364047
1.31296975
1.32179603
1.29897148
1.2758311
1.25191588
1.24087936
1.2437185
1.28085636
1.26496489
1.25777571
1.23931905
1.24242246
1.24541414
1.23342598
1.23329445
1.26442546
1.26589051
1.24347479
1.23904645
1.19458499
1.19715649
1.1988847
1.17928175
1.15386532
1.16465531
1.16890682
1.15043252
1.16133276
1.18548493
1.15844946
1.17732983
1.19352129
1.20487911
1.18920119
1.20222605
1.21896228
1.23172258
1.21389855
1.19722004
1.21568256
1.24239501
1.25401242
1.2361352
1.21751825
1.18709765
1.1882085
1.18847696
1.23213823
1.23087854
1.21534576
1.22210557
1.21388304
1.19181807
1.17029188
1.16010956
1.17627278
1.20423813
1.21188913
1.18509222
1.16800746
1.17900769
1.17317827
1.16726297
1.17365111
1.18743417
1.20559101
1.18526884
1.1892437
1.20096326
1.18305107
1.16418172
1.18468296
1.1719372
1.15080502
1.1624151
1.13341413
1.12275926
1.14145131
1.16611144
1.15630741
1.16507045
1.19616948
1.19576937
1.19306643
1.17059133
1.19104066
1.20424946
1.17070969
1.15727963
1.17068541
1.15513405
1.12655898
1.1345586
1.13087384
1.14699934
1.14085337
1.12716523
1.15596413
1.17556463
1.20345688
1.19659919
1.22507673
1.2172334
1.18411834
1.20907395
1.23706045
1.23793295
1.25503473
1.28189485
1.28142934
1.26628376
1.27644774
1.28735195
1.28938916
1.29850543
1.25792752
1.22318994
1.2255962
1.22708731
1.26790188
1.24281065
1.23251363
1.23516047
1.24812355
1.22025004
1.19642056
1.21376532
1.21464611
1.22863958
1.2333356
1.23159388
1.17934566
1.18464882
1.18353495
1.1810445
1.14155365
1.13190668
1.16874297
1.17264763
1.18759661
1.20349318
1.18211818
1.17806414
1.15876369
1.16528678
1.15789915
1.1342463
1.16705447
1.17707689
1.20493911
1.19216598
1.16536543
1.18171465
1.19373078
1.19040193
1.18402177
1.17786739
1.18812996
1.18620469
1.20647935
1.23574732
1.21795582
1.21650584
1.19095094
1.21100292
1.19005506
1.18024174
1.17978051
1.18581847
1.17293173
1.18839974
1.18701579
1.19097504
1.1743627
1.16242977
1.17223596
1.16764322
1.17106303
1.1748591
1.15180051
1.14619072
1.14157193
1.13382773
1.10547928
1.09278369
1.11068402
1.12199957
1.10339008
1.10816607
1.1229524
1.13013153
1.10296118
1.10336937
1.09819357
1.09003994
1.14240318
1.14945093
1.1690443
1.19620502
1.21203773
1.20091116
1.19842617
1.1919594
1.2025322
1.22356057
1.24100769
1.25964864
1.25891054
1.24819526
1.27511052
1.29633087
1.25829208
1.27709824
1.29183123
1.28840424
1.28010091
1.30013892
1.27246959
1.26997341
1.27304916
1.2973595
1.30853944
1.3351248
1.34478669
1.35079803
1.32799284
1.30705031
1.29150605
1.30767302
1.28227804
1.27642713
1.30731309
1.30745066
1.32949605
1.35657056
1.3754465
1.34383881
1.34466678
1.33608122
1.31308269
1.33381658
1.35364674
1.37007168
1.3507485
1.36328452
1.35907012
1.37376883
1.34876972
1.35647497
1.34893432
1.36691393
1.42353375
1.42408314
1.42368862
1.40575676
1.37253438
1.38007473
1.37847752
1.38407851
1.26881507
1.25453245
1.24900464
1.26163696
1.24188174
1.25800002
1.28373653
1.2828153
1.2936937
1.2897742
1.26193352
1.23421599
1.22086024
1.23593615
1.23957237
1.22877376
1.24700939
1.22827673
1.21546494
1.22936092
1.24129204
1.25502794
1.26094764
1.25669728
1.20883439
1.22620893
1.22669733
1.23476728
1.26275189
1.25585755
1.24202135
1.2241507
1.23139681
1.22277869
1.26077336
1.24058701
1.20780348
1.22000189
1.23211817
1.20485921
1.21832745
1.22650099
1.26512481
1.24794781
1.26484357
1.27284828
1.30064022
1.32019413
1.28143013
1.25925228
1.27357302
1.27153274
1.29290007
1.30331358
1.27766182
1.27173046
1.28326031
1.26608495
1.27848204
1.28723175
1.28556216
1.2683919
1.29681908
1.27675666
1.24948431
1.23984529
1.20798114
1.19594409
1.1964018
1.18134347
1.17889409
1.16060458
1.15969305
1.16266739
1.16691274
1.17681562
1.15024407
1.15130012
1.1342338
1.137553
1.15113036
1.18035284
1.19318212
1.19318749
1.22913446
1.2190272
1.21560209
1.20553924
1.230766
1.20847016
1.19821707
1.22270333
1.23770505
1.27792586
1.23899255
1.24935186
1.23885921
1.24800986
1.27537229
1.26208126
1.22243351
1.25239587
1.27461385
1.26131976
1.29758835
1.29790524
1.32212155
1.30026168
1.30059977
1.28207746
1.25453121
1.24907294
1.2276234
1.19823272
1.19490812
1.18689662
1.20023765
1.21070321
1.203601
1.22479903
1.23182574
1.22974779
1.21896899
1.20487342
1.25121993
1.23979391
1.21393824
1.21117977
1.1513871
1.11995999
1.14571817
1.12972412
1.1342575
1.13492053
1.13940631
1.16139751
1.1321236
1.13324098
1.14018091
1.14907947
1.18114398
1.17811819
1.15548487
1.122531
1.08751282
1.09178621
1.09880781
1.0810702
1.09953582
1.09180092
1.08892737
1.07011549
1.05676175
1.07501819
1.04288049
1.05177916
1.03180394
1.03972168
1.02267134
1.0364893
1.09684121
1.12564227
1.11217264
1.10039199
1.1144905
1.10308441
1.1001085
1.07723687
1.07014721
1.03798712
1.0663745
1.07405357
1.08911226
1.07451774
1.05641091
1.04120139
1.05023529
1.03961328
1.02989527
1.03407736
1.00721291
1.00632732
0.98456643
1.00285475
1.02978535
1.05606955
1.05222114
1.06826899
1.01992557
1.02546078
1.02066043
1.02064677
0.99260235
0.99323963
0.96433816
0.96791321
0.93197674
0.92430774
0.94346194
0.93107242
0.93280273
0.93977571
0.94436452
0.96571588
0.98015823
0.97676355
0.96646572
0.95376719
0.93895543
0.92260006
0.89709667
0.92300594
0.93979771
0.94203178
0.94923888
0.92977917
0.95617309
0.94598884
0.92376114
0.93666541
0.91246638
0.89829993
0.9151687
0.91153964
0.88465745
0.88622387
0.86937138
0.84921712
0.86009496
0.87757512
0.88265811
0.89634346
0.88701741
0.89676753
0.89462794
0.88390508
0.91115295
0.90252665
0.90887993
0.92051797
0.92019101
0.9059655
0.91066637
0.90013874
0.89470923
0.88111095
0.91049042
0.89971794
0.92376135
0.94388531
0.94578039
0.94220444
0.93839664
0.95031073
0.93438703
0.95781616
0.98690099
1.01640103
0.99552975
0.9990151
0.99255189
0.99173269
0.96510011
0.95124631
0.9829389
0.9772357
0.97378234
0.97508381
1.01143095
1.00226951
0.98961634
1.00382605
1.02636584
1.03123789
1.00924732
0.9914168
0.98791701
1.00397654
0.97302925
0.97099173
0.9730311
0.95875058
0.94038426
0.94522357
0.95801398
0.96435143
0.97831962
0.96701731
0.94641508
0.95343788
0.95597787
0.95514187
0.9245939
0.9186253
0.91176475
0.89849251
0.88809395
0.89630863
0.87942972
0.88292525
0.91497659
0.89120507
0.89010659
0.86616684
0.84116575
0.85530164
0.85671163
0.87137862
0.87725392
0.87233767
0.88982148
0.8824475
0.84406572
0.85420453
0.85136379
0.83399458
0.86546535
0.86610416
0.85476197
0.85500641
0.82451248
0.81226254
0.82392131
0.82201005
0.85332839
0.8493126
0.85255293
0.86900755
0.86469598
0.86295926
0.85349129
0.86227333
0.86146324
0.85387902
0.85483614
0.87004648
0.89337248
0.90580528
0.92460994
0.90425588
0.88167057
0.85764307
0.86677647
0.86635663
0.84375249
0.85695535
0.85766022
0.86712576
0.86673941
0.85153069
0.85752287
0.86534234
0.81417311
0.80476166
0.80958899
0.80273082
0.80810099
0.81661607
0.80890886
0.7891718
0.76987228
0.77856047
0.79263097
0.8081331
0.83705989
0.81954777
0.8113026
0.82575458
0.82200943
0.81598456
0.81229503
0.83037423
0.85579012
0.85310365
0.86409584
0.84504017
0.85157731
0.8817366
0.87247475
0.88152237
0.86416025
0.87309186
0.8686567
0.87390209
0.90140125
0.89376983
0.89414102
0.88004479
0.88242604
0.87719747
0.85836982
0.86663936
0.87129878
0.87890709
0.86401236
0.84394614
0.81522326
0.81283913
0.8252051
0.81854524
0.82024068
0.81271879
0.79794463
0.80963411
0.82128309
0.82306949
0.83963257
0.83939159
0.81086587
0.78908638
0.81606039
0.83054819
0.82459502
0.83741827
0.82278315
0.82180222
0.86861108
0.8910456
0.90887202
0.90347123
0.88257397
0.87451729
0.88101102
0.87811736
0.88868078
0.89204465
0.86627128
0.87546832
0.8410796
0.82632383
0.84404547
0.85614853
0.85685102
0.86598056
0.8514051
0.83685188
0.84406348
0.82403063
0.81746452
0.80465586
0.80598192
0.80335855
0.78748532
0.77948414
0.80393015
0.79416421
0.81591585
0.79175106
0.76441019
0.75777771
0.75855707
0.76710492
0.79339726
0.78993679
0.77473909
0.776507
0.74047384
0.73949905
0.74755293
0.75758373
0.71810102
0.71422977
0.71646704
0.72096263
0.70463821
0.68628952
0.70028919
0.73633377
0.74312508
0.72114091
0.73364539
0.74141759
0.71807539
0.73200617
0.74633684
0.7291765
0.7580599
0.74589772
0.7335706
0.75842996
0.7643373
0.76407262
0.7668849
0.76452355
0.77342581
0.79349929
0.79860249
0.78571904
0.79321298
0.80102609
0.81545034
0.81936809
0.80815495
0.78988054
0.79250577
0.76415127
0.74624022
0.76143218
0.75469546
0.77915124
0.79931542
0.78314689
0.7786398
0.78962847
0.81302162
0.81175126
0.82120524
0.80363052
0.80161042
0.80772049
0.80481237
0.8030751
0.76501867
0.77906882
0.78568283
0.77900079
0.79980193
0.7906544
0.80017752
0.79983583
0.79617186
0.79798037
0.77054572
0.77312133
0.75926048
0.77588213
0.76605737
0.76926958
0.77986998
0.77451712
0.79600485
0.7946946
0.81689144
0.79726696
0.78609552
0.78881155
0.8050359
0.79241895
0.7964949
0.8320791
0.83138617
0.82379457
0.81366711
0.80071689
0.77840014
0.77027487
0.78799344
0.77815648
0.80092397
0.81199481
0.82241865
0.82463983
0.81097035
0.82183529
0.8249612
0.82063776
0.79710029
0.79623408
0.77768551
0.75704552
0.75298176
0.73837461
0.76036088
0.75933269
0.77969185
0.77748402
0.76879745
0.76209245
0.76499424
0.76527399
0.76031743
0.75998181
0.76273749
0.79063422
0.7934397
0.78476429
0.81553907
0.83620164
0.8309593
0.87122262
0.87361421
0.86294465
0.89067135
0.87418622
0.82982845
0.8357476
0.83410241
0.81941964
0.82699858
0.83979154
0.84451191
0.83687433
0.85940597
0.86298088
0.84562875
0.86093537
0.89441493
0.888957
0.89039227
0.86895204
0.87583581
0.89629138
0.91385488
0.93330757
0.90017569
0.89975235
0.90503036
0.88588424
0.87442538
0.8565983
0.86892676
0.86187768
0.8461032
0.83670217
0.84576455
0.84251694
0.80900403
0.79382231
0.76917466
0.78835113
0.80200207
0.78955904
0.81171034
0.83728513
0.85520972
0.85437743
0.83237993
0.83574913
0.85132756
0.86874968
0.84870838
0.82685733
0.81860606
0.82313208
0.83098814
0.83245409
0.85230363
0.8417029
0.84104212
0.85922632
0.85651943
0.87621655
0.8914085
0.87165795
0.85082446
0.83086498
0.8620077
0.85020525
0.8397131
0.83722899
0.82082203
0.82480536
0.80625234
0.7973212
0.80682408
0.7973922
0.79418439
0.77200425
0.75302299
0.76226634
0.76189189
0.78266347
0.78183362
0.79707831
0.79386136
0.80706123
0.79301645
0.78235263
0.80130949
0.81618989
0.80059482
0.80275592
0.77716205
0.77455845
0.78268106
0.79653556
0.81117929
0.80782123
0.79393745
0.79783943
0.78621781
0.80652723
0.81649909
0.80675925
0.81441389
0.80471252
0.82231831
0.8332198
0.77828001
0.78914837
0.76826232
0.7880895
0.80135666
0.78602596
0.78903716
0.78202288
0.78245834
0.7922587
0.79607478
0.80091719
0.81816911
0.80984948
0.8361142
0.84033832
0.8783887
0.8973537
0.89740418
0.89122554
0.91768875
0.93457288
0.91164257
0.91203602
0.88968929
0.88970919
0.87084893
0.87704964
0.8932507
0.88341439
0.91169
0.93668772
0.90551115
0.91880782
0.9330359
0.94820858
0.95510781
0.95897784
0.9447897
0.94016152
0.97418396
0.97181236
0.97604124
0.99017283
0.96451109
0.97009519
0.96730164
0.97982598
0.91600684
0.90364675
0.8906545
0.88506894
0.89299063
0.90630234
0.88555296
0.89853755
0.92657769
0.9061677
0.89359658
0.8979117
0.87530208
0.87891635
0.89408236
0.91025242
0.89506959
0.89730772
0.87889693
0.88696176
0.90452913
0.90216631
0.93743917
0.97132572
0.95953944
0.93419337
0.91776386
0.90334091
0.91442069
0.89710983
0.88357545
0.90097961
0.91717097
0.92168412
0.91812705
0.92343738
0.96281946
0.95170173
0.94096694
0.96583129
0.94182751
0.95934348
0.98771646
0.97269338
0.95817599
0.94646001
0.95999673
0.95876595
0.98227127
1.00012155
1.01472171
0.99375406
0.98897129
0.99990993
0.96651611
0.95476876
0.98064782
0.99795707
1.01058395
1.02297306
0.9927598
0.98320523
0.97866163
0.98041312
1.00322404
1.03777193
1.01915456
0.98030239
0.98332271
0.98844853
0.97440193
0.9765315
1.01204176
1.01184916
1.00518735
1.02475341
1.01873427
1.02656276
1.04524476
1.05144935
1.00248418
1.00149389
0.99658312
0.98174221
0.94179727
0.93207625
0.93945732
0.97066844
1.00480486
0.9890383
0.99259479
0.98019513
0.94514203
0.94340049
0.95119385
0.96280609
0.91855905
0.88961081
0.87170495
0.88005784
0.88945667
0.89721737
0.89214387
0.87647013
0.89089097
0.90094589
0.91258621
0.8947981
0.87770436
0.8707782
0.88397768
0.87452943
0.83469831
0.83436458
0.81520829
0.7994991
0.8129618
0.82111583
0.8405672
0.82697301
0.83728758
0.85972708
0.84845854
0.81736061
0.81323395
0.81899056
0.83797632
0.8307537
0.84705031
0.86582559
0.86044614
0.87444803
0.86839651
0.88043196
0.89328186
0.91263583
0.91247056
0.91254988
0.9033197
0.914836
0.88823202
0.87958841
0.89476547
0.87779023
0.84225111
0.81935189
0.83788992
0.85192315
0.83541297
0.84337857
0.84710964
0.86074054
0.85059178
0.85030873
0.86178144
0.88805651
0.89046839
0.91689412
0.91301459
0.91293982
0.8686016
0.86919597
0.87770302
0.89028802
0.90432761
0.90139461
0.89810069
0.87852652
0.89224073
0.90670953
0.89985119
0.90174144
0.86172295
0.87419314
0.88661958
0.87449774
0.8906984
0.88873854
0.8747676
0.87691466
0.85088444
0.85319831
0.84082972
0.83062698
0.81579534
0.8113293
0.81972118
0.8125796
0.83989477
0.83211866
0.82995288
0.83358374
0.87128621
0.89490599
0.88287314
0.86731758
0.91080233
0.93043445
0.91802605
0.89619797
0.92263401
0.89773209
0.87621067
0.88876662
0.85789144
0.85127776
0.86191418
0.8446342
0.81542664
0.83092367
0.83360617
0.84624715
0.83149806
0.84641434
0.84403569
0.82555637
0.85587336
0.87988214
0.87161765
0.86140056
0.86125065
0.8588928
0.86544861
0.87165884
0.861641
0.85924373
0.88281664
0.88348441
0.91528922
0.89940634
0.89702723
0.90566932
0.87023201
0.86587722
0.87208415
0.87966612
0.87809441
0.89246407
0.89542906
0.90336203
0.87585693
0.89687974
0.90121002
0.91551819
0.90649137
0.91503696
0.92778147
0.92769638
0.93393767
0.94530177
0.91591883
0.89155232
0.886848
0.90146254
0.90228613
0.90469285
0.87485695
0.88070052
0.85377772
0.84173341
0.82739955
0.83187593
0.82934808
0.82591204
0.87434862
0.86765595
0.85723051
0.84539398
0.86213291
0.84671338
0.84760735
0.8524216
0.87246917
0.90380709
0.91173666
0.89303372
0.86006347
0.87244683
0.87037123
0.87127025
0.85183543
0.82839523
0.86056593
0.8391301
0.82408541
0.83567592
0.82413908
0.80950153
0.80209381
0.78951953
0.81000663
0.81747708
0.82968784
0.81126799
0.78817079
0.79313106
0.79661224
0.81673196
0.79528506
0.81519513
0.84695279
0.85218383
0.8320425
0.83367052
0.83332368
0.82439398
0.84835648
0.86073038
0.81692222
0.83230717
0.85685404
0.85184692
0.88241064
0.88369375
0.92190846
0.91018183
0.89114503
0.89514476
0.8808279
0.85653579
0.81337419
0.79083706
0.80370309
0.7886541
0.79966765
0.80974563
0.8284251
0.82623367
0.78814504
0.795676
0.81061618
0.82851476
0.82550752
0.83070498
0.83613538
0.86056812
0.8728301
0.87137519
0.87763882
0.89196621
0.86922117
0.8495477
0.85222189
0.83938906
0.83554966
0.84263967
0.8271976
0.84218293
0.84921918
0.85148982
0.83829159
0.81680348
0.7990003
0.81083497
0.82738945
0.82369997
0.84500508
0.83042539
0.82266982
0.80488814
0.81783447
0.80300729
0.79475779
0.81518609
0.80268008
0.80632646
0.79219405
0.80926994
0.82892045
0.81997033
0.81882933
0.82646106
0.83551177
0.83971546
0.87444662
0.85987318
0.85629677
0.84359686
0.84871185
0.8622866
0.87192955
0.8910695
0.86029562
0.85325931
0.81161558
0.82576144
0.80934184
0.80254559
0.79002597
0.8026131
0.82019059
0.81691857
0.82735063
0.81116732
0.79822177
0.81293537
0.8262548
0.81570975
0.8259096
0.83483222
0.7924756
0.78021314
0.77081969
0.76166396
0.79583388
0.79607104
0.80387379
0.80283001
0.81239632
0.8213369
0.79520318
0.7773315
0.79377701
0.81314751
0.79077495
0.80437321
0.79788851
0.82128568
0.83816079
0.82314214
0.81828533
0.79415155
0.80884396
0.82030644
0.77422395
0.78587692
0.78028194
0.79639025
0.79280191
0.79395838
0.79922214
0.8187171
0.81218437
0.82172825
0.81773907
0.82248005
0.84647452
0.82857116
0.828861
0.8273395
0.83786315
0.83237334
0.82688927
0.83210262
0.81328144
0.79567399
0.7940613
0.80402256
0.77674364
0.75955859
0.75138429
0.76189379
0.77640523
0.77138244
0.77940583
0.79158985
0.77639021
0.78540571
0.7719972
0.79265532
0.77774022
0.76990165
0.77854417
0.79631596
0.7980328
0.79645414
0.79359889
0.81407446
0.82420352
0.84721607
0.84197614
0.8363527
0.84282724
0.86283468
0.84685149
0.84317177
0.87467291
0.89037964
0.91439231
0.90789394
0.94363737
0.95561926
0.94873949
0.93883371
0.99469133
0.98167237
0.97378859
0.95511356
0.94257529
0.96390685
0.9661432
0.96521352
0.95649398
0.97232905
0.95334848
0.92865351
0.96741497
0.95621241
0.97010031
0.99727295
1.02091983
1.00206722
1.00166137
0.98180493
1.00228127
0.99314814
0.98942294
0.99037224
0.98635629
0.97456642
0.96090479
0.96324578
1.01988265
1.00777304
0.9973124
0.98666989
0.99057207
0.98539403
0.97167713
0.95411894
0.9497517
0.94995739
0.95956595
0.94894424
0.98369712
0.96939373
0.97520639
0.99483819
0.99915946
0.99138718
0.98547155
0.99284892
0.99975423
0.98003359
0.94644428
0.9593357
0.97507686
0.95625325
0.94046613
0.92716265
0.93799908
0.9289479
0.91124299
0.92349702
0.93254828
0.95872803
0.96985642
0.94812203
0.92199616
0.92232694
0.90048045
0.9006689
0.92153646
0.90216013
0.93709959
0.91688202
0.89634659
0.90350264
0.88597211
0.90074546
0.92136721
0.93788065
0.92478167
0.93495068
0.92597924
0.93053903
0.91925455
0.90829823
0.94861397
0.93316907
0.91423417
0.93083414
0.94048928
0.9325954
0.94529303
0.94662777
0.89800323
0.89165843
0.89442804
0.91720155
0.9349491
0.95097412
0.92322208
0.92822819
0.94016513
0.94066438
0.91430663
0.92046965
0.93794964
0.94826097
0.93328449
0.95416989
0.9356085
0.92167022
0.93382663
0.93521196
0.94613977
0.93483318
0.92034476
0.93810001
0.98967828
0.99149711
0.982615
0.96838832
0.95184348
0.96150785
0.95985537
0.96966197
0.90863846
0.8832361
0.88772157
0.89892538
0.90705628
0.91853317
0.893414
0.90719362
0.89436795
0.88535521
0.90346043
0.93096174
0.93710019
0.92395183
0.95171434
0.95779728
0.91374633
0.91687209
0.92287323
0.93137025
0.90198092
0.87025214
0.87110338
0.86326913
0.85022352
0.8538817
0.87427936
0.88525072
0.91105394
0.91386431
0.911504
0.91950985
0.95111595
0.96092581
0.9609704
0.9633918
0.97799084
0.99472081
0.99490213
0.98804192
0.94364964
0.94659153
0.96036265
0.94647231
0.95419533
0.98093113
0.99870126
0.97553127
0.96189074
0.93871304
0.92872554
0.94035978
0.93282381
0.94544021
0.95163999
0.96592363
0.91505857
0.90160263
0.93722449
0.92759689
0.9285605
0.92017117
0.94314382
0.9404509
0.94028326
0.93617745
0.96735863
0.96173979
0.93502432
0.94342616
0.94557297
0.93474423
0.94116631
0.93417408
0.93041977
0.92403298
0.93886449
0.94774465
0.93293137
0.94374905
0.95558268
0.95285129
0.95820338
0.97169225
0.95666084
0.95267226
0.94457705
0.93303149
0.98128858
1.00492103
0.98887112
0.98799338
0.94955262
0.94171356
0.94386992
0.95499455
0.93353507
0.92987947
0.93474657
0.94751461
0.92106096
0.93427987
0.94114719
0.95863965
0.96777394
0.9619634
0.95884341
0.97575863
0.98189407
0.98535265
1.00037632
0.99013602
0.98240341
0.9718203
0.9627383
0.95360746
0.98424302
0.99579213
1.01898671
1.02227892
1.02385244
1.05938528
1.07673631
1.04254735
1.0331779
1.02032361
1.02769552
0.99692311
0.96796009
0.95779474
0.9810279
0.97054878
0.96865204
0.97798057
0.98310183
0.96442311
0.92939275
0.93625451
0.95131085
0.94725953
0.93927394
0.90885296
0.90651598
0.9090094
0.92300878
0.89711863
0.91736883
0.92556345
0.92480105
0.89996651
0.88468312
0.8693473
0.8704807
0.88004509
0.89482551
0.89718054
0.89692227
0.8841396
0.85986565
0.86105329
0.89378174
0.88555759
0.8805837
0.90087783
0.91379693
0.92655728
0.94199382
0.96160532
0.96564431
0.94884496
0.94608705
0.94009304
0.95632371
0.95360823
0.98564892
0.97886875
0.959384
0.9466166
0.95786096
0.95278311
0.98392871
0.96285705
0.96381717
0.98458915
0.97536108
0.99143371
0.98333849
1.00382747
1.00092553
1.02124421
1.02103807
1.00076854
1.03314173
1.02382837
1.00393394
1.01909398
1.00826925
0.99118718
0.97359798
0.99688676
1.03264488
1.0410266
1.00516822
0.99029479
0.99385845
1.00806971
0.99014522
0.96574223
0.94994363
0.95427072
0.95136483
0.94889164
0.97844774
0.97202146
0.95909356
0.9451378
0.9730759
0.99912086
0.99721481
1.00265999
0.98243291
0.983436
0.9611947
0.97001803
0.96715081
0.98361628
1.00662918
0.99486615
0.9817948
0.99638956
0.97226289
0.96296843
0.98495542
0.97209714
0.98426517
0.97867913
0.97227046
0.97088561
0.9697842
0.96630825
0.99438901
0.98245102
1.01069688
1.00626603
1.00120661
0.99598683
0.96603031
0.96228621
0.97635413
0.96386772
0.93775726
0.94766315
0.97803282
0.96109784
0.95086368
0.96189329
0.94393792
0.93293312
0.91825234
0.89531834
0.90154954
0.88347212
0.88890519
0.87408689
0.91341071
0.92243335
0.93015739
0.93110209
0.8816959
0.88295893
0.8909575
0.89494303
0.84992372
0.84382895
0.85306256
0.85251646
0.85662198
0.84748858
0.86768438
0.85748361
0.85406377
0.87344018
0.88195186
0.87627741
0.87081808
0.85854605
0.84539458
0.86032804
0.85571212
0.84245444
0.82731978
0.81752612
0.79529007
0.79570776
0.80064013
0.81658572
0.78641327
0.78450732
0.78503415
0.78443919
0.7739726
0.78069725
0.81113707
0.81576354
0.82755429
0.8490265
0.83737255
0.83082775
0.81278545
0.81379396
0.82351146
0.83872822
0.86044932
0.88130229
0.8687175
0.86414358
0.86519522
0.8733914
0.88584281
0.87305579
0.89794013
0.8841362
0.87007711
0.87691142
0.84887845
0.86944911
0.84783857
0.82866581
0.84019453
0.83123133
0.83848119
0.8607234
0.88807532
0.87662164
0.8688937
0.87263727
0.9078611
0.89797948
0.91511308
0.89703042
0.88198582
0.85995084
0.86071983
0.87762728
0.86539097
0.86712058
0.83715211
0.85104313
0.84103464
0.83615689
0.83735323
0.833089
0.80226006
0.80904458
0.81494756
0.82309203
0.84233616
0.85732811
0.87422012
0.85029565
0.82144406
0.81298029
0.82783862
0.83046312
0.83127432
0.83623262
0.87430797
0.87189466
0.89070559
0.89837304
0.8961074
0.87625237
0.87403925
0.86038386
0.86931569
0.89200263
0.92611327
0.91904952
0.91429746
0.91428122
0.91936186
0.89987715
0.90849699
0.89230006
0.89583682
0.91492417
0.92403672
0.90549265
0.87500933
0.88323068
0.86521382
0.86678586
0.85012897
0.83398316
0.84340262
0.85422507
0.85611435
0.85111192
0.85404524
0.84581719
0.83675021
0.84382764
0.85532296
0.86614687
0.85135034
0.86038024
0.8640056
0.88827073
0.88175016
0.89270201
0.89442596
0.91917636
0.91270529
0.9324919
0.93705637
0.97223253
0.96074509
0.94619569
0.94503403
0.95590585
0.93168449
0.94735426
0.93848254
0.93904505
0.90430255
0.89064391
0.87432397
0.88546481
0.89624947
0.90491988
0.87572171
0.89198175
0.87875463
0.8619052
0.88844872
0.89766351
0.91139082
0.91371985
0.92942545
0.92946639
0.91894712
0.91868745
0.93353447
0.93364726
0.95170131
0.96676073
0.95215491
0.95236485
0.96443358
0.95312218
0.96696615
0.99512276
1.00077342
1.01983452
0.98315507
0.97162786
0.95785493
0.94163943
0.93483059
0.93829643
0.96146356
0.96208193
0.98363813
0.99690959
0.96548561
0.9665232
0.97944854
0.97163043
0.97956495
0.99981709
0.97230668
0.97684231
0.95841332
0.96290227
0.97994018
0.95524553
0.92422963
0.94026843
0.94505415
0.93873727
0.9777998
0.971121
1.00133532
0.98084086
0.95259124
0.95856171
0.97004126
0.98532924
0.97062229
0.97308696
0.95781535
0.95252329
0.97096848
0.9744304
0.99041575
0.99227094
1.00654906
1.02167634
0.98451749
1.00340684
0.98497928
0.98530268
1.00505328
1.01134634
1.03764678
1.03239864
1.061497
1.03023018
1.01581239
0.99700392
0.9712029
0.96671716
0.92814964
0.92914147
0.92036497
0.91643801
0.93812879
0.93968255
0.95144253
0.92927927
0.88313165
0.9062235
0.91264902
0.92185113
0.9165687
0.92864535
0.90104547
0.88547541
0.90466149
0.91877162
0.91382788
0.89532314
0.87986603
0.85870967
0.88254549
0.90761988
0.90514428
0.9256149
0.94306651
0.9263363
0.95652453
0.93676409
0.92838777
0.93411496
0.90898551
0.89024289
0.88875881
0.85829274
0.8307268
0.85102551
0.8612578
0.85859627
0.82664376
0.8207192
0.82535216
0.83644969
0.80989965
0.81026
0.82759995
0.84839618
0.85967465
0.85953371
0.87888405
0.8840113
0.88317472
0.89645441
0.89549274
0.88262622
0.83304835
0.82813718
0.84984921
0.86744031
0.86370123
0.84772318
0.87770207
0.90215164
0.89466315
0.87164256
0.85563167
0.86280018
0.83484153
0.83062241
0.83232725
0.85409361
0.84795237
0.85870019
0.8616001
0.87010014
0.88565505
0.91888934
0.92857683
0.94309165
0.94189278
0.92383977
0.93182312
0.91500835
0.9011192
0.8837017
0.9078846
0.92726354
0.92350014
0.91473059
0.89710644
0.91173407
0.89799078
0.86534269
0.87508869
0.89231792
0.88712261
0.90517825
0.91933593
0.90775054
0.90169505
0.88299897
0.88407881
0.876534
0.88538873
0.87278373
0.87064714
0.88728284
0.85015862
0.83221961
0.84225921
0.84453305
0.83258414
0.8395033
0.84743297
0.83952625
0.83300749
0.82647533
0.82676585
0.81137452
0.81750639
0.83289047
0.83450101
0.84710357
0.81963625
0.81152633
0.83789077
0.84316522
0.88735443
0.88657555
0.93681873
0.92764648
0.92736831
0.9102656
0.90986071
0.88277983
0.85524206
0.85899729
0.86116539
0.84800264
0.86861384
0.85016405
0.85816779
0.87118911
0.84994752
0.84805756
0.83431467
0.84262751
0.85331537
0.86479382
0.85687668
0.84552263
0.86828255
0.88293482
0.86844353
0.86614692
0.85263472
0.87583127
0.85783274
0.87279147
0.88557282
0.88607811
0.90015816
0.91491238
0.88000271
0.88008036
0.89929225
0.92570988
0.92287674
0.94181278
0.94891891
0.96354705
0.98085082
0.98843139
0.96973613
0.96276499
0.96662834
0.9750848
0.93704914
0.95444316
0.99076037
0.98439821
0.98257229
0.99728756
0.99763164
0.98340476
1.00136893
1.01551605
1.02203159
1.02311226
1.00301383
1.02033223
1.01791838
1.02619716
1.01349735
1.00732426
0.97872736
0.99634996
1.00601729
1.03636278
1.05140417
1.02565157
1.00419786
1.02151511
1.05864184
1.03872573
1.01991072
0.98937272
0.94994278
0.92850652
0.94051638
0.92961828
0.946509
0.9492189
0.98008275
0.97628731
0.95074677
0.95872853
0.97210151
0.97403674
0.97261393
0.99079922
1.00700673
1.02481485
1.02571494
1.02689135
1.01690593
1.00975492
1.02283643
1.03071882
1.0458049
1.05864865
1.03852573
1.04381651
1.05391309
1.06900017
1.06140099
1.06181233
1.1006809
1.06381041
1.04623039
1.03104978
1.05963365
1.0422747
1.02708816
1.02610112
1.0032735
1.01425708
0.9926104
0.9947883
1.008996
1.03515584
1.02971289
1.04341567
1.0556518
1.06884975
1.07661628
1.09470511
1.08348001
1.09041362
1.11035233
1.09539049
1.12126884
1.13853986
1.10015742
1.08146859
1.06651255
1.07413653
1.09706683
1.09677128
1.12050538
1.148464
1.15877155
1.13517497
1.156335
1.15705497
1.16970269
1.16311454
1.17850613
1.17539782
1.09846666
1.08433064
1.09589487
1.11758728
1.10866256
1.11381462
1.13811366
1.1136073
1.06955264
1.0467604
1.06316838
1.08504179
1.08778597
1.09494959
1.05785022
1.068079
1.04038707
1.04702279
1.02938952
1.04715059
1.0594845
1.04746957
1.03330934
1.04222927
1.06994834
1.10098301
1.12606697
1.13286266
1.10999264
1.09296721
1.11996953
1.13158109
1.11454909
1.09317093
1.06707282
1.07243508
1.07727217
1.09996204
1.11501588
1.12365441
1.11594971
1.12588464
1.12287234
1.11786285
1.09656569
1.10065817
1.10622902
1.1240223
1.11447533
1.14499775
1.13826676
1.15891712
1.17425468
1.19630342
1.15880175
1.15382813
1.12372736
1.13812323
1.10259327
1.1096028
1.12421125
1.142705
1.1101094
1.09989825
1.04112554
1.05186964
1.0678944
1.05278313
1.0612087
1.07692485
1.08572854
1.08160858
1.07038429
1.08771968
1.09237815
1.07464755
1.05643879
1.05787396
1.05405892
1.04695041
1.04614513
1.05678504
1.04451358
1.05342621
1.0902554
1.07675899
1.0667118
1.04918669
1.05427715
1.06782365
1.05774009
1.04564881
1.03765765
1.04501497
1.0072094
1.01012241
1.02072247
1.01823307
1.0340758
1.03691059
1.02960331
1.05260511
1.0464224
1.0418268
