0.88251736
0.86946433
0.88970064
0.87891776
0.87328698
0.87561436
0.88810955
0.91306644
0.92422162
0.9247995
0.95978447
0.95143387
0.93515268
0.91521371
0.90424015
0.90050605
0.894123
0.90745233
0.88869504
0.86505259
0.86355636
0.85371171
0.87158958
0.86903332
0.8952183
0.89750067
0.89629616
0.88794678
0.86569962
0.86639274
0.8756105
0.89594263
0.89400421
0.90916184
0.87935212
0.88688816
0.86779502
0.86769968
0.87242513
0.88064043
0.92148362
0.92089062
0.92029758
0.91766366
0.94667523
0.95760868
0.93201412
0.93797024
0.92678849
0.92652238
0.92817234
0.94541585
0.92616823
0.90625243
0.89666534
0.92016658
0.92702843
0.95700111
0.96765024
0.96864864
0.9990622
0.99723972
0.96332393
0.96663474
0.92120377
0.9245166
0.93174204
0.93524951
0.88916932
0.88806366
0.89746286
0.88238136
0.88602608
0.8935627
0.90429575
0.89647923
0.89764081
0.91029242
0.90684748
0.93428484
0.9319648
0.94457567
0.95039874
0.95261528
0.9160558
0.91493756
0.9020342
0.92077826
0.8981233
0.89202887
0.89930812
0.88821429
0.89343332
0.88581723
0.8950466
0.8922663
0.87020926
0.87172358
0.85906509
0.84311808
0.84406926
0.83089229
0.84100989
0.83577514
0.88028611
0.8753636
0.87917785
0.86464969
0.88281435
0.87450034
0.84663637
0.86768042
0.84351145
0.84786046
0.82908229
0.84404933
0.87739715
0.87460401
0.87175365
0.88557549
0.87000714
0.86554111
0.8847541
0.8856218
0.90204102
0.89209819
0.90167657
0.91617492
0.90169509
0.88485829
0.86797686
0.87962847
0.88967769
0.91752919
0.9252026
0.95595555
0.97340967
0.99377893
0.98001705
0.95091359
0.93740474
0.95516936
0.96324905
0.95031534
0.95046634
0.9580845
0.98038244
0.97767444
0.93397865
0.920723
0.94156422
0.92806248
0.94473241
0.93106037
0.95855586
0.9672417
0.97911302
0.9895542
1.01454123
1.01868663
0.96657603
0.93351695
0.96793867
0.94911816
0.93560754
0.94963775
0.92575929
0.89567775
0.88152099
0.87659034
0.90626671
0.92378542
0.91421204
0.90956032
0.93055855
0.9391493
0.94089736
0.94280513
0.95046148
0.93716647
0.89693068
0.91363858
0.94083945
0.93156747
0.95617297
0.98777268
0.98473687
0.99492959
0.96572702
0.94414806
0.97226977
0.98534368
1.01350167
1.01082237
1.00834216
1.01438267
1.02970376
1.05396832
1.03814303
1.03751049
1.03953995
1.03116223
1.05323036
1.03804181
1.02163788
1.02744226
1.02864603
1.02522818
1.01812656
1.02730392
1.02162472
1.00631232
0.9943245
0.99262262
0.9968225
0.99981275
1.02675249
1.04911327
1.07576373
1.07817788
1.0481252
1.02654638
1.028046
1.02659753
1.09119119
1.08456594
1.06603906
1.05185018
1.06405428
1.05572001
1.05327707
1.03783466
1.05762959
1.0319366
1.02705295
1.02559797
1.0330105
1.05907637
1.08161643
1.07508156
1.08018978
1.06335724
1.06194202
1.06026217
1.09125499
1.09393289
1.07960784
1.08187649
1.08074769
1.07141915
1.09576458
1.07603978
1.06564463
1.09176339
1.09918212
1.05233567
0.99696697
0.97120632
0.95810503
0.96882253
0.97968106
0.95969781
0.96162764
0.9774308
0.98960368
1.00889212
0.98056903
0.96514395
0.94626982
0.94821542
0.94751432
0.96778762
0.9929568
0.97842485
0.98830833
0.98955042
1.02168546
1.04191654
1.03202535
1.01764562
1.02396931
1.01613747
0.98438005
0.99516071
0.9650693
0.95837452
0.97428594
0.96178561
0.92932132
0.90744945
0.93277142
0.92364978
0.94300196
0.94202158
0.9632497
0.95983328
0.96526519
0.948916
0.95951514
0.95774019
0.93366644
0.92034294
0.93379468
0.93064725
0.91841322
0.9241794
0.93498111
0.94277249
0.90689745
0.91524564
0.9201082
0.92846518
0.92951444
0.95189361
0.95367548
0.96769451
0.95407792
0.93979486
0.93726541
0.92903486
0.9282088
0.94052999
0.92098905
0.92937482
0.92881333
0.93473505
0.92963474
0.92324809
0.96325818
0.94894607
0.9485147
0.9386247
0.92596973
0.93029997
0.94960421
0.93209314
0.94545759
0.95225879
0.92348251
0.91576005
0.90590157
0.92742072
0.94821818
0.93784947
0.9501952
0.93753791
0.95323794
0.98896595
0.99659237
0.99008729
1.01112404
1.02491854
1.01167512
0.98447646
0.97347869
0.99208602
1.01156064
0.99667835
0.98088872
1.01064981
1.01986899
0.99710844
0.99579233
0.97908315
1.00606531
1.02972307
1.00171108
0.97861391
0.93056363
0.93631154
0.92477703
0.93062115
0.93603981
0.95037579
0.94748694
0.96036924
0.95533961
0.94252502
0.93010808
0.96274267
0.98897701
0.97414352
1.00152079
0.99182467
0.97654237
0.97475896
0.95542859
0.93499404
0.93299631
0.92962897
0.90517922
0.90158352
0.90272742
0.91193813
0.9413259
0.96661071
0.97376265
0.94564376
0.94541266
0.9455584
0.9544745
0.96388714
0.95427388
0.93861143
0.92854235
0.93989713
0.9410917
0.9577794
0.94689315
0.97012125
0.94541797
0.96015178
0.97581125
0.98728172
0.95942363
0.93898562
0.92519155
0.92704696
0.91841683
0.90576901
0.93510836
0.91332292
0.932414
0.93430249
0.88537929
0.88343149
0.90552022
0.89829271
0.88383079
0.87498355
0.88652631
0.89298917
0.8838647
0.87851396
0.88229506
0.90119677
0.87552388
0.87927864
0.8954911
0.89024481
0.90441662
0.92520941
0.94190434
0.93490164
0.93670147
0.93988156
0.92709292
0.91700972
0.90833582
0.89460308
0.92520766
0.91274811
0.90015874
0.88989948
0.91700684
0.92035322
0.9398398
0.92817818
0.91886837
0.93292497
0.948361
0.96837498
0.97308021
0.96301941
0.98919431
0.96926849
0.96088336
0.96469118
0.95087498
0.94669826
0.97289037
0.96485424
0.95730624
0.93494385
0.93742578
0.9473945
0.94717759
0.95857272
0.97429764
0.98847248
0.95533241
0.94706382
0.91854777
0.90366353
0.90161953
0.90997878
0.93283566
0.92500339
0.947885
0.9318862
0.91527587
0.88815416
0.88105449
0.8886916
0.87823132
0.87165467
0.85040469
0.8419992
0.87115648
0.87523065
0.88618068
0.8776292
0.87880327
0.87246337
0.88835534
0.87667088
0.86616079
0.85752532
0.8782328
0.87815384
0.90064255
0.91508862
0.96092163
0.96835106
0.94023298
0.96598168
0.99707513
0.98583217
0.98975214
1.01641883
1.01499923
1.02931319
1.0383019
1.06710689
1.07326384
1.06707521
1.1052932
1.08846739
1.09102979
1.10350331
1.12241663
1.15017953
1.13111335
1.10886435
1.09556251
1.0814521
1.06665743
1.07981331
1.08815762
1.10997209
1.11759403
1.12851132
1.10485032
1.07955663
1.08788819
1.10987654
1.09073241
1.07821534
1.10180028
1.09208166
1.08045067
1.05519045
1.05812927
1.04467039
1.04743783
1.04258672
1.03866919
1.03558161
1.02635086
1.01818148
1.06551784
1.06229255
1.06545754
1.05735791
1.07759119
1.09734994
1.0571935
1.05427414
1.01883731
1.00127974
0.99905215
0.97613683
1.0036472
1.03395337
1.01936355
0.98888381
0.95799203
0.96586
0.97471441
0.96126892
0.98085807
0.9805678
0.96704325
0.97858317
0.99440148
0.99932944
1.02558958
1.00836143
0.99222249
0.97381315
0.99451158
0.99287855
0.96618399
0.98275915
0.97224148
0.98901253
0.97819184
0.99571407
0.9934802
0.99204339
0.9489669
0.93349631
0.96518956
0.95386087
0.97798036
0.99968023
0.9773636
0.99010593
0.99147103
0.9757878
0.99356982
1.00419983
1.02330497
1.004944
0.99413288
1.00045135
0.95970852
0.94742255
0.96096425
0.96299566
0.97934027
0.98451521
1.01376348
1.01624398
1.0237579
1.00508888
1.02813268
1.0247903
1.03493262
1.01676877
1.03988596
1.03785891
1.04567865
1.05632784
1.01750635
1.02464904
1.05679252
1.04905912
1.06499257
1.07123917
1.02538209
1.02111539
1.01455366
1.01306335
1.02018031
1.0091922
1.02565064
1.01325433
0.99315645
0.98010779
0.98347136
0.98029708
1.02267363
1.02747959
0.9977773
0.99813776
1.00330071
0.99303373
0.966621
0.9607352
0.97013959
0.98470295
1.00404297
0.98841812
0.96598092
0.95448936
0.95256338
0.93897163
0.96160866
0.97455049
0.9737993
0.98206254
1.02872403
1.02657469
1.05653129
1.04079482
1.01993729
1.02830337
1.0236951
1.01752529
1.03600819
1.03272491
1.04834134
1.06326855
1.06188723
1.07806688
1.07062145
1.07934248
1.0612176
1.03926715
1.02783992
1.01313831
1.00426154
0.98265955
0.98670272
1.00197586
1.0000139
0.98824803
0.97504012
0.98124914
0.96046163
0.96396808
0.94785463
0.96557369
0.96855622
0.98850195
0.9661384
0.94548373
0.94598699
0.93243814
0.9652818
0.95835609
0.99163659
1.00774034
0.99584848
1.00513618
1.01815947
1.02502684
1.01851357
1.00202088
1.01532353
1.03320915
1.0155174
1.00245038
1.02412515
1.03509202
1.00648321
0.98581712
0.97234588
0.97728931
0.97744051
0.98415806
0.98430376
0.96968855
0.9674219
0.97454298
0.97838415
0.96575461
0.98705181
0.99619665
1.02629235
0.99727765
0.98218556
0.99036607
0.97580783
0.97278391
0.97621184
0.94638811
0.92868572
0.92237742
0.95026741
0.94723344
0.94648057
0.96204752
0.95137712
0.94463613
0.9843605
0.9769471
0.9784081
0.97696706
0.97975392
0.9833312
0.97404774
0.98393757
0.99842545
1.00561617
0.98968032
1.01899172
1.09677977
1.076822
1.06814246
1.08063226
1.06173471
1.0652423
1.05898081
1.06649483
1.06593183
1.05290063
1.04149596
1.03723205
1.06973888
1.09592858
1.08047297
1.07519348
1.10929522
1.11014014
1.15249485
1.13370003
1.12559151
1.11585273
1.10268362
1.11544661
1.14806125
1.13405182
1.15858935
1.17072156
1.15302702
1.12610669
1.09518442
1.11043904
1.10234729
1.09427105
1.12599404
1.11981479
1.0983057
1.07289635
1.08430706
1.08780014
1.09138194
1.08618872
1.05369629
1.05509865
1.06159812
1.05213951
1.03665606
1.04100817
1.04245189
1.05930138
1.07462416
1.07445494
1.08006462
1.07133135
1.1046553
1.1159624
1.11471224
1.10300361
1.12238492
1.11680385
1.1201692
1.09652271
1.11791092
1.12708211
1.08626562
1.09378007
1.10643142
1.08158345
1.06556952
1.05093193
1.03501982
1.02027956
1.01344445
1.022696
1.02911981
1.04146197
1.011475
1.01046254
1.01130331
1.00740501
1.01877685
0.99176189
0.97827301
0.95925095
0.96313365
0.94986201
0.94334598
0.93522997
0.91761401
0.92624459
0.92418955
0.93918503
0.93362121
0.94350534
0.94998749
0.94407505
0.92076078
0.93245516
0.95199094
0.97834147
0.99882094
1.00157312
0.98246474
0.98367117
1.01042233
1.03864019
1.05087813
1.04738059
1.03674239
1.0491667
1.03481486
1.04739794
1.08908431
1.06692526
1.05353621
1.08338931
1.10165228
1.10536746
1.13695779
1.15373791
1.10770486
1.10833237
1.09023791
1.08330681
1.10419618
1.12986894
1.14787065
1.1669241
1.19764772
1.21966002
1.23992219
1.21443391
1.19820453
1.22017765
1.19125295
1.1586968
1.16964787
1.18660568
1.14681856
1.15171776
1.16978406
1.17495285
1.20144297
1.18870876
1.15364606
1.15991412
1.11764199
1.11544802
1.10204985
1.10905264
1.07571849
1.09537326
1.12012157
1.11483404
1.13433189
1.14329225
1.14335158
1.15369249
1.14230962
1.12583432
1.08887171
1.09462461
1.12598707
1.12136653
1.12669262
1.13371913
1.11319614
1.1060376
1.10378332
1.10981752
1.09913971
1.08212205
1.09069229
1.07190427
1.07424443
1.08796741
1.13418412
1.12627748
1.11508337
1.08999983
1.07129879
1.06376877
1.06845139
1.08251755
1.10506823
1.13259755
1.11542902
1.10066644
1.1008505
1.11359018
1.10515212
1.08062658
1.09660936
1.11669698
1.11911355
1.10096927
1.11907078
1.13802253
1.14098437
1.17366575
1.11518096
1.11820268
1.1340369
1.09488056
1.05388176
1.04638739
1.03656793
1.05343599
1.02170333
1.03361425
1.04640106
1.03830026
1.02285627
1.00636465
0.99117765
0.99714925
1.02172945
1.01020578
1.02130634
1.03427305
1.0260978
1.04142057
1.05240355
1.04046476
1.03600889
1.04074781
1.02891336
1.02181811
1.03940642
1.01950432
1.02959581
1.05451819
1.02110267
0.99967565
1.01409241
1.00221246
1.01642474
0.99210977
0.9843657
0.96974366
0.97054973
1.00297645
0.99208154
1.00328123
0.99185705
0.96597147
0.97434375
0.99786241
0.97170871
0.96849517
0.97460288
0.9566963
0.97060285
0.98127746
0.96646431
0.99905371
1.03841805
1.03438067
1.01239938
1.02438843
0.99649737
1.00370607
1.01333886
1.0210731
0.99921706
0.97659979
0.97479309
0.99746673
0.96810362
0.97720369
0.98171519
0.99181104
0.9666556
0.97395415
0.9553671
0.96063278
0.96916828
0.95917457
0.98680892
0.98939795
0.9534151
0.93307857
0.96024904
0.9604357
0.97522854
0.96917186
0.95494792
0.96122317
0.9661952
0.98060937
0.94343315
0.96181957
0.96292849
0.97444327
0.98138275
0.99672526
0.95241444
0.94626578
0.93384826
0.93233838
0.95376712
0.93884254
0.91009298
0.93226279
0.93126786
0.94065168
0.91100723
0.91923224
0.90585936
0.88474067
0.86077407
0.86948513
0.86200564
0.85444534
0.8635818
0.86264787
0.86129002
0.87469161
0.8976501
0.88754637
0.87053453
0.85235766
0.85740918
0.88329201
0.88838712
0.89192556
0.86139504
0.87215813
0.83740498
0.84317556
0.83814091
0.85701807
0.86505937
0.86928052
0.90607527
0.90577065
0.92826628
0.95468688
0.94241466
0.92984735
0.94595273
0.93975247
0.97651486
0.96964007
0.94276061
0.95396623
0.95014924
0.95755573
0.935978
0.92954661
0.90194572
0.90651841
0.88417567
0.89945502
0.89745087
0.90894482
0.92818754
0.90658645
0.90064007
0.88748488
0.8996115
0.90792698
0.91590631
0.91665605
0.93847508
0.96124052
0.94170345
0.95001956
0.94608116
0.94050062
0.92273428
0.93777077
0.96380174
0.96246434
0.95897503
0.94691966
0.94824062
0.96733811
0.97429998
0.99363821
1.01010542
1.00184836
0.99872523
1.0006234
1.04908343
1.07763269
1.04187686
1.05869226
1.06356593
1.04892994
1.03289098
1.04148628
1.04727621
1.05476356
1.02783647
1.01786219
1.00921918
0.99540306
1.02962489
1.01055033
0.97793671
0.96687375
0.98754522
0.97356059
0.96911493
0.99670531
1.00405532
1.00973929
1.00447546
1.01854956
1.02878674
1.04674645
1.02222897
1.00086169
1.01142405
0.99834393
1.02189951
1.00641101
0.98321221
0.9954262
0.98785907
0.98029096
0.97156961
0.96624741
1.01968129
1.00610448
0.99680014
0.9950608
1.00417936
0.9845958
0.97390847
0.95594445
0.96291813
0.94849158
0.95618329
0.93450528
0.89547571
0.90300469
0.90621545
0.89165091
0.86893022
0.88450246
0.88697602
0.8933258
0.93551339
0.91436606
0.89879711
0.8919051
0.88533934
0.90948946
0.92466842
0.89286787
0.88814671
0.90029265
0.8762477
0.87579241
0.89640555
0.92257685
0.94230493
0.93362574
0.91885492
0.92366015
0.91183086
0.88962548
0.86445309
0.89613132
0.88049295
0.90821479
0.93650144
0.91713559
0.91372258
0.92010596
0.94779758
0.94162074
0.94305203
0.96423001
0.95612164
0.96630061
0.96284336
0.96690273
1.0171198
1.04761931
1.0151407
1.02327185
1.00957224
0.99881827
1.03470639
1.02462513
1.03086554
1.01105722
1.00255727
1.02003454
1.00886679
1.01591044
0.99157266
1.00014623
0.99134399
0.98843201
0.96939654
0.98289774
0.98341454
0.97160186
0.9446144
0.96458734
0.99050328
0.9833471
1.00361701
1.00229881
1.01890691
1.03457674
1.02144289
1.01315018
0.99818212
1.0200718
1.04694461
1.02829736
1.05284726
1.0621135
1.06424426
1.065875
1.11049241
1.11241448
1.10138108
1.10903559
1.09708055
1.09270618
1.07465395
1.09040418
1.12939457
1.15080842
1.16587489
1.17840664
1.14513307
1.11429956
1.11133194
1.09199154
1.10477537
1.11393156
1.09998621
1.09896672
1.09129046
1.06752923
1.08228865
1.09109207
1.0719445
1.07881821
1.09888826
1.09848978
1.06970999
1.07361561
1.07960898
1.06154128
1.05474292
1.05657858
1.02431817
1.04515409
1.07429565
1.06818424
1.06570446
1.04219596
1.0518893
1.08026854
1.08906243
1.1147539
1.1017301
1.10525996
1.12499358
1.11059778
1.06428387
1.06538942
1.07430162
1.0750176
1.09391939
1.0778815
1.0657996
1.07603087
1.09870968
1.05849431
1.02695141
1.02649045
1.01017439
1.01868143
1.01361132
0.99041192
1.01506413
1.03628389
1.07659104
1.07724957
1.07227558
1.09158155
1.11825828
1.11785443
1.13589837
1.1541019
1.13843499
1.12128998
1.12037488
1.12214277
1.08283241
1.09424558
1.08494064
1.07633481
1.07641454
1.07662646
1.04718813
1.03149736
1.04343423
1.02695319
1.01128752
1.00217689
1.02218979
1.02080895
1.02070441
1.03499162
1.02410478
1.04051001
1.0115243
1.00090488
0.99256815
1.00889912
1.03555756
1.01987545
1.01725095
1.01647262
1.0653622
1.05750758
1.04207457
1.02694843
1.02555878
1.02206938
1.03614193
1.05086335
1.01663004
0.99775924
1.01835655
1.01503588
1.03013022
1.01068306
1.00890524
1.01698567
1.03347164
1.0464262
1.03541178
1.03310747
1.01190972
1.01440343
1.03272971
1.03316932
1.07051738
1.05892069
1.05113094
1.05832343
1.05636422
1.06762332
1.09107138
1.06778772
1.02261259
1.01177091
1.04474758
1.04175251
1.04564803
1.04003702
1.05805361
1.06008817
1.02293235
0.99982272
1.02297191
1.04169476
1.066553
1.07311994
1.0550617
1.04865735
1.08225105
1.10920804
1.09379032
1.1135741
1.14140855
1.14343266
1.11782382
1.12218761
1.08967686
1.10889776
1.11720402
1.12834383
1.13880044
1.13031105
1.11390831
1.11653905
1.1384409
1.15257282
1.17370314
1.16772287
1.14307857
1.13615757
1.14135824
1.16401916
1.12799803
1.12650987
1.14560409
1.14318502
1.17231558
1.17403338
1.1868166
1.17710523
1.21116945
1.24467021
1.22068686
1.18204568
1.18845684
1.18433892
1.21731909
1.20646344
1.17843591
1.19242683
1.21304781
1.19517021
1.22123115
1.24665748
1.23057207
1.21379346
1.19621742
1.19368493
1.22868269
1.21338398
1.23627462
1.24387401
1.23054794
1.20866941
1.1847405
1.16770572
1.1494491
1.16143761
1.16654889
1.16609147
1.1878057
1.2080377
1.16903729
1.14866281
1.17536117
1.19967118
1.18434405
1.19538697
1.19185999
1.20055127
1.16734168
1.17329236
1.18228425
1.16451402
1.18294364
1.17055937
1.1662803
1.13534763
1.12480976
1.10109713
1.1331501
1.12219397
1.13200022
1.14343052
1.16304555
1.15423013
1.12448363
1.13412252
1.1392421
1.13909749
1.12087548
1.10295075
1.10228064
1.12453147
1.13841879
1.15452761
1.16622465
1.18300156
1.16957729
1.19785699
1.20809387
1.21722834
1.16606502
1.17936581
1.18847769
1.16619868
1.14017352
1.16704958
1.16947441
1.15394836
1.18461081
1.17112716
1.17299351
1.15984126
1.20605124
1.22989065
1.19499717
1.1590938
1.16866548
1.17486434
1.16649445
1.15437578
1.13483432
1.12444768
1.14725749
1.17334833
1.19478231
1.21511633
1.23201922
1.22285583
1.20783818
1.20840687
1.15953766
1.1627385
1.16911132
1.18039495
1.16470127
1.14385581
1.12772956
1.137411
1.14990116
1.16852807
1.17784452
1.18076194
1.19647373
1.22578866
1.22215563
1.23649158
1.25918179
1.23077295
1.18931306
1.19990328
1.21223038
1.20228238
1.20242963
1.18538658
1.183318
1.17842927
1.1029662
1.11880454
1.13307874
1.11734703
1.11836664
1.09218715
1.10870792
1.1200992
1.11707722
1.12268252
1.10647779
1.08911533
1.12748908
1.11300454
1.12124277
1.10257927
1.08551608
1.05349936
1.04768991
1.06269308
1.06954267
1.07083162
1.0336986
1.04041147
1.07885775
1.06830082
1.06770221
1.07356196
1.10922395
1.11353316
1.09393949
1.10615158
1.12738607
1.11024068
1.09347368
1.11121066
1.09791739
1.07878473
1.08159949
1.11106177
1.12779701
1.12195139
1.13567297
1.16077682
1.13365841
1.12762903
1.10670186
1.10992057
1.07419227
1.07614121
1.09430876
1.10592161
1.09259165
1.07763185
1.08534933
1.113634
1.09981088
1.08704486
1.11222184
1.13904882
1.13736111
1.12566114
1.11635021
1.11338453
1.10966764
1.12146738
1.11911865
1.13743808
1.14450654
1.14476956
1.11193049
1.10923186
1.06207669
1.07795627
1.06553966
1.08417681
1.08625565
1.10721381
1.0831592
1.06738831
1.05654033
1.05706304
1.05698084
1.06386793
1.03307079
1.03250897
1.04461651
1.04428061
1.0817142
1.07645823
1.08002382
1.07006128
1.09929404
1.12612825
1.09832841
1.08212277
1.0996126
1.09214789
1.08390713
1.08352227
1.0923754
1.07420322
1.05563686
1.07404387
1.08814253
1.07139262
1.07745667
1.07419137
1.06234947
1.09175354
1.07425303
1.07028476
1.09020045
1.07726132
1.07378554
1.06830171
1.09190812
1.10872536
1.12194767
1.12797693
1.13252298
1.15082877
1.13250778
1.12682603
1.17399034
1.1677188
1.14539487
1.15619674
1.14177362
1.129098
1.11926217
1.12204853
1.10184318
1.10683023
1.11984096
1.11708188
1.13327556
1.13062944
1.13510576
1.12679373
1.13889886
1.16863534
1.1822932
1.20055113
1.22675209
1.20392822
1.17505253
1.19006826
1.18351775
1.19690604
1.17966319
1.17146297
1.1592772
1.14231416
1.1524211
1.17430426
1.17446384
1.18277973
1.21822808
1.22570768
1.23240649
1.23882094
1.2619132
1.25278923
1.23203957
1.21350077
1.21900539
1.22870272
1.22270003
1.23614526
1.22734561
1.22825017
1.21236935
1.20125309
1.21009233
1.2022362
1.21380226
1.22192664
1.2088405
1.22746888
1.26739581
1.24903662
1.2460294
1.26025022
1.25006407
1.23503955
1.27015428
1.26242248
1.28087693
1.31671609
1.30171407
1.29583817
1.3034743
1.3167007
1.3013054
1.27688002
1.27126931
1.25822816
1.27023768
1.29290738
1.28259647
1.29891399
1.32720612
1.32433278
1.34295631
1.32053169
1.35136739
1.34461988
1.30697327
1.30277168
1.28307703
1.26352411
1.23833016
1.24115118
1.24319349
1.26700194
1.28730084
1.27161598
1.29982432
1.29629743
1.29500839
1.29864317
1.28750993
1.26615953
1.24977961
1.24136546
1.24865688
1.23880483
1.2075882
1.20791985
1.24266107
1.25013942
1.29896133
1.29044958
1.27296134
1.27728644
1.25715325
1.25001595
1.26644588
1.27632184
1.25118453
1.25205253
1.23209966
1.24982657
1.29332366
1.29574514
1.26565787
1.27241552
1.28992519
1.31774108
1.29353178
1.30234539
1.30236172
1.2790782
1.26885725
1.26589303
1.25935635
1.24614155
1.27274506
1.26225779
1.26225603
1.28362647
1.28390617
1.28602646
1.22636966
1.23739215
1.25902477
1.25179018
1.26296982
1.23941505
1.2329026
1.23824465
1.24800534
1.22912341
1.22563114
1.20410045
1.19712749
1.20768541
1.19406934
1.19655673
1.18686305
1.17593086
1.19764325
1.19615707
1.21569209
1.20029999
1.18832444
1.20403169
1.22643345
1.23532858
1.2139928
1.22038507
1.20944563
1.19501139
1.21481586
1.23694917
1.24341018
1.2367207
1.27900433
1.28370479
1.26523143
1.23840127
1.25811455
1.27554931
1.28233599
1.30122344
1.31554054
1.30103894
1.29007845
1.27075371
1.25835473
1.28558951
1.28707009
1.30156394
1.28633258
1.29125635
1.27977887
1.2803876
1.24676406
1.26294802
1.27083802
1.3010757
1.31366959
1.3335503
1.34444331
1.37034068
1.32470016
1.33771691
1.3548826
1.34516816
1.37663869
1.36062342
1.38540162
1.36052502
1.36657214
1.34535059
1.33460661
1.32746331
1.3041571
1.31752418
1.34563778
1.33550453
1.3627895
1.37258958
1.325095
1.32813868
1.33945615
1.35603718
1.318493
1.34056291
1.31511864
1.3016021
1.33487729
1.369149
1.37671492
1.38834333
1.33463474
1.35236185
1.36162021
1.40292362
1.39688622
1.395711
1.42776552
1.41821343
1.42068413
1.44798071
1.46638223
1.46215682
1.47263031
1.46694928
1.49274535
1.47315162
1.43448945
1.42171812
1.44460637
1.45535319
1.438681
1.40775234
1.39360408
1.37798419
1.4077587
1.40701289
1.42792228
1.43453458
1.35281163
1.346696
1.31559669
1.27920135
1.26499273
1.27915989
1.28999294
1.2852455
1.3258732
1.30148937
1.28116072
1.28951262
1.27272599
1.29045467
1.27388753
1.25390522
1.29147392
1.33560523
1.34886786
1.34090084
1.32426506
1.32615581
1.30091821
1.30226118
1.30632681
1.32336303
1.30755625
1.32434476
1.31470889
1.31372504
1.29048723
1.28173038
1.32322942
1.29337841
1.28163786
1.29862045
1.31025273
1.32870403
1.3521836
1.33476654
1.32374479
1.35275779
1.36104922
1.36608658
1.3445679
1.33296987
1.32584832
1.29091395
1.28761994
1.27886731
1.29344282
1.31923875
1.31830312
1.33720261
1.31347475
1.31683683
1.27059449
1.2792807
1.24760852
1.26541582
1.30110621
1.27559996
1.2660808
1.23390661
1.25462842
1.24643248
1.25710563
1.2760364
1.24729667
1.25750315
1.24889001
1.24891291
1.17943484
1.19394384
1.20158994
1.1799736
1.17874828
1.18931164
1.18671779
1.201195
1.15680834
1.15715309
1.18408675
1.18067263
1.20048935
1.18809894
1.17640556
1.18505094
1.15493179
1.14354321
1.13080013
1.14273845
1.15179606
1.14385811
1.17251451
1.17071981
1.15285071
1.11821886
1.09467295
1.11707942
1.13732896
1.13277436
1.13846877
1.14302307
1.13724296
1.15457008
1.16874664
1.1422374
1.17491673
1.18633718
1.16144197
1.16777409
1.15624816
1.1805633
1.20768916
1.20282484
1.2168496
1.24066342
1.21990097
1.1939923
1.17137927
1.14306006
1.17199691
1.16800514
1.17546915
1.17182207
1.18945647
1.20508105
1.19663281
1.17753638
1.16697154
1.16243035
1.19710446
1.17226623
1.15865298
1.13602368
1.11982552
1.12677208
1.1121587
1.115261
1.12499723
1.10838089
1.11355695
1.12038607
1.1122178
1.09110488
1.0850337
1.08755355
1.06526898
1.07721682
1.08240383
1.09708694
1.12539888
1.11169368
1.11838921
1.11815441
1.10983983
1.13874127
1.1459676
1.15905171
1.18089299
1.20591235
1.21796539
1.19747469
1.20080514
1.17472695
1.17632272
1.173177
1.17945687
1.17678473
1.18991285
1.17592921
1.14783067
1.13406173
1.15625021
1.14710959
1.13709337
1.13017996
1.14336221
1.16345418
1.17083765
1.14977008
1.17587561
1.17228894
1.18170696
1.15844247
1.12904332
1.14546401
1.13556838
1.11975938
1.12865325
1.12180093
1.11460163
1.09822768
1.1026649
1.10756328
1.10026574
1.13927139
1.15711594
1.15892713
1.14273147
1.15624378
1.14717243
1.14387961
1.19332701
1.17663632
1.15882658
1.14953647
1.16685156
1.17996208
1.17900892
1.16522305
1.1306623
1.1439291
1.12405327
1.1395373
1.14687373
1.14346975
1.15819451
1.14983686
1.13944398
1.15961103
1.1473325
1.128769
1.14560239
1.16350309
1.13960489
1.11493817
1.12816258
1.13967602
1.1172269
1.1357402
1.14209013
1.15725285
1.14144525
1.16047448
1.17564174
1.18183877
1.20486217
1.22810633
1.21873985
1.23599152
1.21410655
1.20159665
1.1883019
1.15394046
1.17132514
1.20720324
1.23512156
1.23782762
1.23675973
1.21554035
1.19206164
1.20997157
1.24053714
1.22446592
1.20196335
1.19784157
1.19812628
1.18867421
1.22495456
1.21336776
1.24255992
1.23517549
1.22830487
1.26758394
1.27930624
1.27735981
1.28416865
1.25173185
1.24554433
1.23418736
1.27180043
1.2596662
1.2511813
1.22895523
1.26137362
1.25634413
1.26436066
1.26514101
1.19764873
1.2117665
1.22748914
1.22044701
1.22538379
1.23297331
1.24075392
1.23167626
1.19099786
1.205477
1.21393425
1.2064351
1.20977076
1.2265519
1.24443207
1.25831818
1.2240639
1.24280221
1.2518698
1.24813206
1.27692393
1.26028363
1.26571069
1.25034371
1.26639579
1.24925351
1.27884172
1.26096066
1.22405804
1.24131625
1.26044006
1.24941896
1.27608298
1.26974719
1.25885276
1.2372224
1.25817921
1.29479681
1.2571186
1.27448378
1.24493743
1.22671466
1.20434497
1.17854802
1.18467666
1.17937199
1.18067938
1.15930947
1.15923469
1.1755517
1.18807875
1.17941348
1.13797131
1.14735663
1.14395352
1.12828665
1.18444962
1.21542681
1.19767398
1.17406101
1.16870813
1.18490738
1.1483263
1.14595918
1.14076571
1.14534259
1.12436371
1.10946571
1.1380022
1.15486714
1.11054999
1.11383182
1.05620424
1.04873129
1.05514864
1.07326534
1.06085941
1.07445002
1.09003121
1.08826283
1.09023454
1.10343084
1.0637971
1.06659438
1.06810344
1.04627967
1.02924749
1.03383874
1.01879669
1.04068461
1.06193373
1.05282458
1.06993953
1.07904097
1.09436109
1.0864237
1.11121212
1.13430614
1.12965861
1.09339609
1.09264284
1.08589244
1.08943696
1.10318078
1.09519593
1.07023846
1.07014067
1.06458268
1.07616471
1.09061894
1.09359544
1.08564965
1.08719763
1.1001819
1.12297712
1.09362995
1.07215613
1.06758548
1.04576902
1.04671387
1.03244802
1.03562295
1.02452736
1.0495114
1.03612105
1.00172599
0.98831406
0.98297853
0.97771113
0.98956654
0.96295325
0.96532068
0.99748059
1.00851436
0.97976301
0.97206457
0.97123152
0.94818479
0.93734034
0.91218606
0.90773192
0.92374805
0.92646162
0.94421365
0.96460661
0.97785252
0.96998491
0.96521771
0.94694552
0.95836738
0.95309887
0.93795389
0.95332176
0.97300932
0.97796598
0.98562309
0.95673248
0.96506888
0.96309261
0.97660554
0.99847024
0.97415327
0.98151873
0.99593507
0.96832983
0.97361208
0.93902403
0.94272645
0.91574848
0.90777732
0.90913409
0.91386768
0.90975205
0.89378311
0.90423055
0.92700644
0.92362948
0.91476647
0.95035318
0.94023291
0.93358091
0.92703396
0.92278423
0.94276693
0.99353905
0.96976046
0.95989608
0.9425768
0.918047
0.93573258
0.95760315
0.95200485
0.93055498
0.94744293
0.93024043
0.93633175
0.93618706
0.95556506
0.94951581
0.95534936
0.97272363
0.98628177
0.95992609
0.96667521
0.95697134
0.93824749
0.93107814
0.94345912
0.94728329
0.92409654
0.94540003
0.96083373
0.97079895
0.9603775
0.96527248
0.98235698
0.95256342
0.92600175
0.9068633
0.90558991
0.91460104
0.91963025
0.89935515
0.88481528
0.86946806
0.88717939
0.89827622
0.87976774
0.85806828
0.87175511
0.87532357
0.87118222
0.85229909
0.86923461
0.87056192
0.89127602
0.89139644
0.88770079
0.86763941
0.85946529
0.86689214
0.84094458
0.8231901
0.81979775
0.82978229
0.84964216
0.88270534
0.87813434
0.88835816
0.87940008
0.90932308
0.88886014
0.85157412
0.86996504
0.86600395
0.87908928
0.86360791
0.86724106
0.85410029
0.86166273
0.85781269
0.87760345
0.87047103
0.85557574
0.85111233
0.87122802
0.88044267
0.87010316
0.89476763
0.87855588
0.8827289
0.9012944
0.89690933
0.9111916
0.9097669
0.88851398
0.89017283
0.88692335
0.91123589
0.89747668
0.90044676
0.88010686
0.8627264
0.85087668
0.87392581
0.86457531
0.86085898
0.86329341
0.84890464
0.84610825
0.87745863
0.86611335
0.85744872
0.83773313
0.85377226
0.85505258
0.9127496
0.94160314
0.92726524
0.91436798
0.91390301
0.91627126
0.89932875
0.90016888
0.90233453
0.88626681
0.88874566
0.90226795
0.86937903
0.84958193
0.83751711
0.81361182
0.80923821
0.8167126
0.80794394
0.83387362
0.86204008
0.84274332
0.80690074
0.82645763
0.83068826
0.84153337
0.84516714
0.84721178
0.84401369
0.8378134
0.82363285
0.80928523
0.81087947
0.83117468
0.81292829
0.82095624
0.85118623
0.84816059
0.85795036
0.86820897
0.87188988
0.89361783
0.90887055
0.89874165
0.92829918
0.91641531
0.89955612
0.89410103
0.86444582
0.84988596
0.84212881
0.8189737
0.8373093
0.82001245
0.84444447
0.83561341
0.84810824
0.83648319
0.84193465
0.83481107
0.85650243
0.85234925
0.84737641
0.87444338
0.88776525
0.88412445
0.87744861
0.86990762
0.8896733
0.87132666
0.85125243
0.87218612
0.87226116
0.85811582
0.85276062
0.86968453
0.8506818
0.84537517
0.85363353
0.85216155
0.8801364
0.88796615
0.86905781
0.86948363
0.87683312
0.88794656
0.8756257
0.86161649
0.85069465
0.87441486
0.87972884
0.87821218
0.87216742
0.8898661
0.8936782
0.88320924
0.87206209
0.86494228
0.86705808
0.88225328
0.87539267
0.86133488
0.83477864
0.83758156
0.86644584
0.8703058
0.84658706
0.8514129
0.83097475
0.83120702
0.81794335
0.82345507
0.81340675
0.79427666
0.77350354
0.78470011
0.79061052
0.81373495
0.83165445
0.82218023
0.83396212
0.83587627
0.82914856
0.81431395
0.83113466
0.84661411
0.83625727
0.8242318
0.81577829
0.78910272
0.80941547
0.80082101
0.82279029
0.81861957
0.83230525
0.81841618
0.81890065
0.84077702
0.84002432
0.82030859
0.79654647
0.79734524
0.81009355
0.80808314
0.84486994
0.84266955
0.83260647
0.81854341
0.82089545
0.8328305
0.80771837
0.81838367
0.83053234
0.84299951
0.86131567
0.83610585
0.81839393
0.81363921
0.82025544
0.80390248
0.77663051
0.76522943
0.74883843
0.74005881
0.75672296
0.779202
0.77518338
0.77164904
0.7664475
0.79336113
0.82083274
0.80506905
0.80557539
0.81843849
0.79897583
0.78635901
0.79901678
0.79851161
0.79447159
0.79589404
0.76953573
0.77192494
0.76726919
0.78341199
0.7921555
0.80698406
0.81031603
0.80291656
0.78583662
0.79198593
0.77688256
0.79290156
0.80266881
0.81416634
0.80313004
0.80772604
0.83368153
0.83410368
0.83806286
0.82244162
0.80669729
0.81054964
0.80647742
0.81811538
0.7795201
0.80088436
0.80835643
0.81968663
0.85028874
0.84466862
0.86978861
0.87879726
0.85988125
0.85574598
0.88275879
0.86974024
0.87028782
0.86345523
0.84544956
0.83153988
0.81791526
0.82178484
0.79405023
0.79583991
0.75983762
0.76825203
0.78067412
0.79868252
0.80711859
0.78896201
0.77554775
0.79920903
0.81312101
0.81477295
0.81235588
0.82946782
0.82780471
0.80184095
0.81108894
0.80907567
0.81831988
0.83824845
0.83294724
0.82306924
0.84457088
0.84518024
0.84195605
0.83095867
0.85688027
0.84555378
0.85286199
0.85581477
0.90553384
0.89683231
0.89546529
0.88126434
0.89004775
0.91289448
0.88007316
0.88133127
0.86321528
0.87774136
0.87732591
0.90167636
0.90493824
0.92021663
0.9061976
0.92092745
0.92807925
0.92986395
0.92893386
0.95152548
0.95894353
0.97523484
0.95145895
0.9657759
0.9312692
0.93636996
0.95103929
0.94561548
0.91599402
0.91678603
0.93797935
0.90427822
0.91867632
0.94611158
0.96259537
0.95467483
0.99501922
1.0255988
1.04363424
1.03032265
1.02285279
1.01423157
0.98885759
0.99673372
1.00783053
1.0162875
0.98593989
0.98048388
0.96814678
0.97964641
0.95603103
0.93605573
0.94802867
0.95210459
0.96730558
0.961343
0.94732514
0.93053397
0.92390348
0.91304121
0.96017545
0.95538396
0.94260323
0.93717009
0.9662051
0.99118646
0.9972181
1.00152315
0.95171516
0.95767304
0.92899713
0.93642863
0.96768478
0.95730129
0.94728434
0.95636839
0.94145886
0.93379519
0.91117396
0.89802968
0.92108808
0.9171299
0.92675345
0.94771615
0.93507475
0.91879605
0.93395492
0.95138681
0.94131452
0.96160201
0.96172513
0.9746532
0.97721192
0.99491951
0.97861001
0.96034774
0.99154119
1.00967534
0.97195034
0.94274399
0.923611
0.93372548
0.90902799
0.91491621
0.9243077
0.90209549
0.88487541
0.89045127
0.90480526
0.9274207
0.91615341
0.92210885
0.94555312
0.95588815
0.96681526
0.94437804
0.91461762
0.90934804
0.89169897
0.90931836
0.92934008
0.92916709
0.91680332
0.91113735
0.92278184
0.9534708
0.93401551
0.92500065
0.96392995
0.9736565
0.9626835
0.9615346
0.97607935
0.97815371
0.98135081
1.00258174
0.98725862
0.97770171
0.99416541
0.97337732
1.00305594
1.00005689
0.96702223
0.97717222
0.96466142
0.96982092
0.94237788
0.91141657
0.88848088
0.89519401
0.9001922
0.88371507
0.89850736
0.89128754
0.87160271
0.87344555
0.88302598
0.91158121
0.92537878
0.91164513
0.89604665
0.90347061
0.90934267
0.91476519
0.89207157
0.9070719
0.91632055
0.90462175
0.89380916
0.90069594
0.87747675
0.89139285
0.8990063
0.87771968
0.87873372
0.89668772
0.90840386
0.9106758
0.89995695
0.89407255
0.94157182
0.95748047
0.97725843
0.97213959
0.94823296
0.93402094
0.93815913
0.9354994
0.94510112
0.96133189
0.97346234
0.94946572
0.92498862
0.90474454
0.93736872
0.94869712
1.01162065
1.04202997
1.02131887
1.03877944
1.04650684
1.03114934
1.02365695
1.02679107
1.02357542
1.01292694
1.00708762
0.99405946
1.010081
0.99577163
1.01078639
0.9853515
0.96185776
0.9723943
0.96257039
0.98036403
0.96689155
0.97279519
0.98490823
0.97135089
0.98747541
0.95191108
0.94358593
0.92041253
0.91036259
0.93189509
0.95472268
0.93920542
0.91482481
0.92470644
0.90697335
0.90147008
0.92515897
0.91802413
0.92785746
0.94768944
0.94320331
0.92598372
0.91198237
0.89636907
0.90704953
0.9270709
0.94456882
0.96038026
0.92265318
0.9315077
0.93132981
0.93983183
0.95147543
0.96674453
0.96458366
0.96080095
0.97738634
0.99353487
0.97059665
0.97209325
0.95186433
0.96284771
0.9612225
0.94214967
0.8961383
0.90663924
0.90060605
0.90083954
0.88255513
0.90309457
0.92533092
0.94449417
0.92318555
0.94929762
0.97768816
0.97877193
0.94735027
0.96116985
0.96554983
0.97608155
0.97703465
0.9980945
0.98995349
0.97503494
0.94676933
0.96414155
0.96535319
0.97902678
1.01731683
0.99151705
0.98067323
0.9924082
0.97849936
0.96762552
0.98101869
0.96454838
0.9476349
0.95499414
0.93349729
0.90345878
0.90558971
0.90139263
0.87366127
0.8758742
0.8873875
0.89331906
0.89808951
0.90675178
0.91105386
0.92126724
0.90635421
0.90557936
0.93283632
0.91774561
0.92068439
0.90027579
0.87582652
0.8778891
0.89863597
0.89014575
0.90109874
0.90334004
0.87949853
0.86733283
0.85428097
0.88033319
0.88432567
0.89696809
0.90749682
0.934623
0.92509689
0.91823418
0.92063259
0.91517874
0.91843405
0.89269219
0.91460987
0.91007327
0.93181869
0.93172499
0.95044325
0.95784275
0.98632227
0.99044033
0.95255813
0.93274412
0.95608815
0.94736302
0.93424926
0.90745097
0.90342241
0.89855358
0.92872653
0.93318485
0.93612673
0.94313223
0.93776322
0.92049413
0.91268552
0.92010011
0.92207558
0.94205657
0.92656515
0.91785652
0.94303582
0.9452069
0.97787795
0.96075613
0.98485119
1.0107375
1.01179796
1.01894619
0.9775744
0.99432971
1.0081533
0.96267302
0.92821803
0.90858722
0.90189756
0.92194914
0.93201317
0.91804551
0.93597845
0.93429649
0.9445399
0.95309902
0.93367149
0.91130152
0.89393186
0.8820221
0.87659019
0.88634823
0.86864311
0.86208273
0.84951059
0.82718158
0.81947892
0.82200876
0.82866899
0.82403897
0.85000516
0.83819668
0.85809322
0.85313114
0.82753064
0.82978335
0.84302644
0.8552895
0.86197105
0.85777232
0.88256287
0.90046841
0.88514932
0.91583665
0.94073117
0.91650465
0.88826373
0.85743794
0.85645354
0.8706148
0.85067398
0.83590134
0.8230668
0.81913296
0.80793459
0.80663732
0.79628954
0.80445927
0.81146364
0.81529875
0.83351435
0.83140095
0.83642439
0.83602955
0.83638107
0.85482287
0.84277356
0.84227073
0.82213655
0.80953138
0.8362195
0.84710622
0.84466721
0.84491462
0.8609347
0.86420596
0.85199329
0.8397082
0.81815516
0.80555716
0.81680246
0.83525626
0.84395919
0.82958577
0.83788662
0.85713116
0.84656191
0.84322761
0.86276473
0.84411366
0.83208191
0.8326071
0.80334209
0.81839451
0.8243695
0.81548584
0.81469277
0.82060273
0.80796581
0.78117035
0.76157
0.74151336
0.74882765
0.75677883
0.7494743
0.74558267
0.76578122
0.76586422
0.73491093
0.7273437
0.74959304
0.76251549
0.749003
0.75278744
0.78763243
0.79774629
0.78487135
0.79775148
0.78861116
0.81878055
0.84837533
0.86572228
0.838048
0.84237414
0.821401
0.83583686
0.84322506
0.85884027
0.87031507
0.86934253
0.85938637
0.83703804
0.83101283
0.81738828
0.79595257
0.80514634
0.80511583
0.7892322
0.78738831
0.78270386
0.78065778
0.78817076
0.81729588
0.84349827
0.84911862
0.8543792
0.83937098
0.81659708
0.81457891
0.80444937
0.817056
0.79254531
0.78256448
0.78960946
0.80552531
0.82069947
0.80176903
0.80758527
0.78610365
0.78195231
0.79753095
0.7852937
0.77276853
0.75989649
0.74799533
0.78508258
0.81618453
0.80044944
0.78145369
0.80086471
0.80358906
0.83102271
0.83095421
0.81532689
0.81844114
0.83181837
0.8224943
0.83391638
0.84940386
0.84778857
0.86617233
0.84388835
0.79025459
0.79114123
0.80229063
0.78779389
0.79686167
0.79504016
0.81362546
0.82235672
0.79733443
0.80089066
0.80526641
0.81477857
0.81063926
0.79608037
0.79559427
0.78594883
0.81205545
0.81517299
0.8441199
0.83760255
0.83016727
0.82411294
0.82738804
0.81403885
0.82758064
0.82731317
0.82756434
0.85198907
0.85797488
0.87438172
0.87220882
0.88465555
0.90433203
0.91990074
0.91780946
0.92347585
0.87735657
0.88113728
0.90534122
0.89055167
0.89902379
0.88882261
0.89405329
0.86262314
0.87462965
0.86914444
0.87030451
0.8699508
0.90217248
0.90356314
0.87570339
0.87909118
0.88506628
0.88026243
0.86436622
0.85689909
0.84201125
0.84088189
0.84600842
0.8607498
0.86404125
0.88125014
0.85762241
0.85033052
0.82773221
0.8343
0.84250052
0.84692931
0.8437569
0.83465842
0.85586271
0.84060234
0.81901612
0.82216855
0.84182156
0.84878074
0.85846698
0.84708407
0.84189628
0.86066023
0.85699813
0.87040028
0.88141119
0.89132033
0.86079561
0.84407146
0.85329098
0.87561656
0.8657863
0.88572632
0.88151768
0.86384047
0.87912726
0.86697083
0.854335
0.88080574
0.92578782
0.91626525
0.91436345
0.91483895
0.91024013
0.90098078
0.88734834
0.90423083
0.89172771
0.88058743
0.89364501
0.8846497
0.86781495
0.87781757
0.88623908
0.86886976
0.85077142
0.86078369
0.86611581
0.85363463
0.84433695
0.83553459
0.85987781
0.86059211
0.85953479
0.87103119
0.87258354
0.88973897
0.85002855
0.8562401
0.84822817
0.82790372
0.82953795
0.81380499
0.83756298
0.84411609
0.83191798
0.85757469
0.83204836
0.83885071
0.83234543
0.84045036
0.84849256
0.82705611
0.79502709
0.78026386
0.79393164
0.80594569
0.8088505
0.81373655
0.79795985
0.7799233
0.78880862
0.79114189
0.80331384
0.80234431
0.81986325
0.83222393
0.80942053
0.82582197
0.83560655
0.84758842
0.86094373
0.85923315
0.82139719
0.8239391
0.81204738
0.80409369
0.82937691
0.82299373
0.80794693
0.79208728
0.79684104
0.80234882
0.81291129
0.79742063
0.81158702
0.81076594
0.80314979
0.81186104
0.78941593
0.78963396
0.76870106
0.76335781
0.74448286
0.75902491
0.73930353
0.74805666
0.76179296
0.79263743
0.82111342
0.80866101
0.81609473
0.79401183
0.79121328
0.79226348
0.80177743
0.81408994
0.82376091
0.81784865
0.82043055
0.84507309
0.8440756
0.84831275
0.80920436
0.78540497
0.77701483
0.78809298
0.8067294
0.79731591
0.8071957
0.8226059
0.80034257
0.78491527
0.8193348
0.80580421
0.7761691
0.78108895
0.77524178
0.79969397
0.793445
0.79514128
0.78564509
0.77539201
0.78268947
0.77595019
0.76944332
0.77699364
0.80674903
0.81243522
0.84003861
0.83623928
0.85949804
0.84621066
0.87025969
0.89395583
0.87808699
0.89667798
0.91245808
0.90073853
0.88597022
0.89648719
0.882483
0.87438507
0.88214189
0.86965057
0.86399737
0.86351478
0.88043459
0.8668639
0.85887281
0.85465351
0.84710889
0.86916623
0.85947285
0.84406376
0.86897241
0.85307815
0.85133372
0.874063
0.9182094
0.92855393
0.91949037
0.94407706
0.97883297
0.95808063
0.93971153
0.93928876
0.91237715
0.9172771
0.89912585
0.90535567
0.90124811
0.9080442
0.91396164
0.89735113
0.88271634
0.86816703
0.90042374
0.91304602
0.88425946
0.87703359
0.87232922
0.89154185
0.90341609
0.92478019
0.91925111
0.91104494
0.93034221
0.94148708
0.94880196
0.96861366
0.93354689
0.93366519
0.89767606
0.8942327
0.88238378
0.87583823
0.88707857
0.88295706
0.86924132
0.87372833
0.87721914
0.87472484
0.8739882
0.85712044
0.86114243
0.86150193
0.86359272
0.87561607
0.88334253
0.88644126
0.8466466
0.85503523
0.88489504
0.8675537
0.86484942
0.88103311
0.88903997
0.89903564
0.90973272
0.92368563
0.91891824
0.90775227
0.91570596
0.93156347
0.93888099
0.96079569
0.96152856
0.97384531
0.98047544
0.96954374
0.93402483
0.93216276
0.93728635
0.93620749
0.9282098
0.94980371
0.95286817
0.96188308
0.94554335
0.930709
0.93876302
0.96127039
0.96100625
0.97978226
0.95121536
0.94668936
0.94025194
0.93449543
0.9298154
0.9371158
0.949222
0.95785381
0.95862598
0.95714168
1.017376
1.02518971
1.05902751
1.04775473
1.04236292
1.04947495
1.03262834
1.0434019
1.02638837
1.01068022
1.04289392
1.03307483
1.02295228
1.01967566
1.01038322
1.00954029
1.03896176
1.03373775
1.02369833
1.00123459
0.98444644
1.00172375
1.01608629
1.01482358
1.02915496
1.01965524
1.03991292
1.0545476
1.03033047
1.02614642
1.01177622
0.99275892
1.02919742
1.02841657
1.02706219
1.01571698
1.02736203
1.06057336
1.06571419
1.04547685
1.02672884
1.04088312
1.03720499
1.01516918
0.97950233
0.97094059
0.97826839
0.99114346
0.98275031
0.98081051
0.96761772
0.95536484
0.95694854
0.9691502
0.94054174
0.95923697
0.98093936
0.97124363
0.95178621
0.94430215
0.95246281
0.95071127
0.94714375
0.94212963
0.95144856
0.96971401
0.97564566
0.99854137
0.9861623
0.97897456
0.95723092
0.94554494
0.94514466
0.95996302
0.95403083
0.95422384
0.97516698
0.99416762
0.97694656
0.98633931
0.96728752
0.98292536
1.00055673
0.97937517
0.9725983
0.95530308
0.96449443
0.97933377
0.98536593
0.98804891
0.97228639
0.96904667
1.00429183
1.02213215
0.98894074
0.993607
1.04305189
1.03331419
1.03641511
1.03565549
1.0225526
1.01425419
1.04595685
1.02307511
1.03202816
1.0536846
1.08442183
1.06467689
1.05688391
1.04026809
1.05675154
1.04819534
1.02753513
1.02392939
1.02249113
1.00888412
0.99895417
0.99890088
1.01055553
1.01296803
1.03181459
1.02982736
1.04968126
1.04953395
1.02559559
1.03611114
1.060934
1.04415785
1.01857824
1.03979063
1.05263157
1.05353565
1.02385178
1.03651467
1.04815436
1.0298308
1.00659931
0.98090548
1.00039017
0.98752717
1.00727214
1.00230367
0.98578149
1.00235215
1.02012158
1.02759978
1.01128044
1.01077739
0.99998544
1.01802843
1.0183403
1.03362338
1.03963932
1.01510889
1.01286364
1.01659051
1.03309797
1.05484281
1.02786099
1.0384523
1.02726556
1.0350583
1.01639274
1.02998911
1.05007362
1.03337839
1.03817232
1.0651541
1.02781837
1.0191794
0.99351029
0.99793268
0.97609929
0.99856934
0.99087166
0.99574545
1.01281281
1.00383168
1.01804706
1.03757499
1.02268055
1.03335287
1.01769245
1.00256133
1.0792439
1.07303834
1.06583502
1.05899702
1.09253374
1.06977321
1.05893593
1.04697869
1.05626616
1.07807812
1.0587721
1.07338811
1.05248735
1.03764467
1.01925894
0.99660765
0.99482117
0.99762303
0.98656477
0.99868181
1.00334633
0.98905803
0.99809479
1.01713626
0.98485457
0.97567592
0.99331103
0.97080703
0.96240318
0.97507869
0.95040335
0.94740381
0.97775824
0.99152844
0.97960603
0.96229663
0.96577602
0.98279215
0.96340193
0.96480504
0.94115424
0.94218243
0.93856664
0.95106244
0.96910779
0.98178316
0.9771228
0.95227706
0.95794985
0.9700852
0.9397377
0.91501568
0.92547463
0.90702767
0.89544626
0.90255493
0.89797514
0.89987021
0.91712142
0.89672224
0.90744662
0.89485935
0.88384305
0.88583978
0.86903985
0.86056374
0.84406067
0.86548274
0.88706583
0.86896277
0.85195691
0.86087779
0.86881525
0.86021637
0.86348149
0.86025773
0.83604474
0.82777668
0.8282505
0.83084329
0.81415411
0.80134556
0.79315717
0.79368754
0.78239398
0.76679149
0.75721606
0.7662242
0.79468927
0.80797953
0.8169087
0.83077093
0.82065286
0.80716312
0.78333998
0.78012931
0.75881325
0.77683457
0.76981959
0.77819717
0.7842988
0.80809198
0.7915633
0.77865786
0.76036702
0.76674307
0.76768412
0.77789581
0.79286933
0.7972946
0.80231309
0.79187859
0.83262532
0.84227138
0.81781335
0.81794228
0.79944277
0.80050526
0.77819223
0.80360424
0.83376562
0.85362397
0.85415493
0.83783167
0.81974161
0.8279307
0.84668332
0.83593566
0.82389382
0.82951059
0.86081109
0.84805681
0.84416346
0.84588794
0.83817903
0.83140352
0.88301
0.89210761
0.91171061
0.91872695
0.88829892
0.89045958
0.89230004
0.91540881
0.94133498
0.92654413
0.92259935
0.9360544
0.92880642
0.94499631
0.94276612
0.9303279
0.92400529
0.9070209
0.89743582
0.89269416
0.9257313
0.91217326
0.92955103
0.91417431
0.89058298
0.89064648
0.86819097
0.87909197
0.89476366
0.87939662
0.90002949
0.88755375
0.90117752
0.91372096
0.90247636
0.91037744
0.90142168
0.8924077
0.88042646
0.87172407
0.87674636
0.86562784
0.857427
0.85025565
0.87441835
0.85711626
0.85522467
0.87308398
0.88352836
0.87157206
0.88700424
0.88484999
0.8653496
0.85959183
0.84817147
0.8527181
0.86845301
0.84977196
0.84712394
0.85241072
0.82247413
0.83907527
0.84946229
0.84182685
