0.9875246931557545
0.9540441629333388
0.9577626556487573
0.9737613718305147
0.9654109291806243
0.9327919303360422
0.9216389097246589
0.912475648440144
0.9424378425290831
0.9372784541931758
0.9268650502074856
0.9341202858584403
0.9455797501835274
0.9548344265826874
0.937122199049532
0.9417010960084115
0.9700880059607268
0.9784309105731089
0.963208700232761
0.946481662326769
0.9359059316601528
0.930087631048782
0.9454979475517291
0.9165342161732415
0.9001245436717572
0.9068189795984607
0.884778254825581
0.8839030641697018
0.8683569692909179
0.8705572634900716
0.836497041581051
0.8385684685548853
0.8390968806715526
0.826285414781997
0.849885016426026
0.84344391513427
0.8596774861420535
0.8435280346041029
0.8628810500216018
0.8595800936580265
0.8709190455432858
0.8595676880879098
0.8638491281248513
0.850499620756462
0.8743517958051671
0.8906558932146953
0.8755902144627103
0.8984784148831564
0.8933264287535672
0.8920529361781315
0.8893154849800741
0.8746879216978609
0.8830709965002331
0.8997190415976597
0.9159863120562006
0.8894241086747471
0.8697666046475101
0.880934645275665
0.8733487098908541
0.8759799305019405
0.8991437429658636
0.8952265243265639
0.8955370864878057
0.9117406393029104
0.929460848892867
0.9083471893854521
0.8885653456172811
0.8974092546885158
0.9082536725424873
0.9069911798333712
0.9310939947239312
0.919708192252903
0.9278061606573063
0.9256362054835552
0.936799140921794
0.9484536336335719
0.9666238046140119
0.9455986160534985
0.9587836280901226
0.9444274557733823
0.9214735269907175
0.8963454701498863
0.8996402753729694
0.8822202287153739
0.865328836540936
0.8820550649528747
0.9011688554614781
0.8888080996450436
0.8843069033521456
0.8875979592380101
0.9153090210407967
0.9178869754698514
0.9100381463924341
0.9079737442136007
0.9214105557616301
0.921258013347152
0.9406193931551271
0.9156829524302541
0.9389967131636896
0.9580569094836927
0.9500125234997928
0.9569508940476654
0.9802291859555589
0.966932973350276
0.9369917181808761
0.921015219538124
0.9421187563811364
0.9220470385716675
0.9479080119715806
0.9325683096347859
0.9270830760018041
0.9496774170215317
0.9480097909726171
0.9584716921805012
0.9281065632153733
0.9196073523849454
0.9371606205979665
0.9157887077618327
0.906413654402587
0.8912564726522677
0.9007832305539341
0.9038495713592373
0.8855199379061741
0.8744142029486227
0.8586101186420744
0.8561360342091366
0.8544952711681417
0.8624988452730171
0.8513831646071099
0.8368848001297742
0.8641597294135981
0.8370052931692679
0.8047564490109266
0.8132045663422325
0.8266286413018923
0.8169509827539634
0.8049090296682373
0.8215685203936562
0.8012928509058309
0.8155669593525123
0.8161709143436076
0.7987512877935541
0.7885755296203436
0.8006513907517896
0.8129933970348979
0.8008933325149321
0.7869426250799546
0.7779914566060409
0.789879583690253
0.7989976741142842
0.8200829992765689
0.8101324406021229
0.7858368564173234
0.7918369160627976
0.8041101792335031
0.7975656090517429
0.7694673722640051
0.7824143703316518
0.7928673370574251
0.7851106312808038
0.7841958445236902
0.8014906361071475
0.7858634467317208
0.7663398980204839
0.7811908727066552
0.8076741705332446
0.8142654466898572
0.8043520438178471
0.7542384645652144
0.7473657378348115
0.7717259108981734
0.7842715984728563
0.7735476227599075
0.7734085370528634
0.7852383052624102
0.8059143447442594
0.769982319723574
0.778347068496114
0.7949402705076019
0.8072785206268083
0.8150307407924238
0.814386467170139
0.7996347500498215
0.8088517523423581
0.7890212901907817
0.8031008684699763
0.8248637597288655
0.8096277296230696
0.8194266943692701
0.827215145100958
0.8543146490892884
0.846910716157416
0.8732518233511417
0.8953571491921483
0.9164150264453057
0.9040719824001193
0.9016610777174423
0.9227537901948776
0.9068380273042262
0.9025908604355164
0.8681725071462909
0.8494395942947331
0.8503620088049334
0.8604989980251478
0.8705835607104181
0.8911948752884943
0.8761134313220567
0.8534585993589197
0.8431695866641085
0.8363335962163335
0.8217466025857603
0.8328619729949063
0.8625721247244429
0.8458042058660895
0.8611003560694592
0.854900852329278
0.867231944937817
0.8921295335991049
0.8998360876128766
0.8951330641523443
0.8700596236825151
0.8693573119866219
0.8682714623408329
0.8358677862036226
0.8168968448029053
0.8132266336632131
0.8286488915299547
0.8271700071615108
0.821554245857218
0.8351935896285868
0.8166342264779152
0.8044086613067374
0.8293465718720097
0.8303252868402118
0.8361035216372537
0.8348170313226049
0.821199967751605
0.8222799085889034
0.8180968523938761
0.8262491520408466
0.8046476540247784
0.8215078966320574
0.8381624911935478
0.8430992310005385
0.8405813570329334
0.8342974279032137
0.8510860066084898
0.8457395211700955
0.8364325301084578
0.8321302929667078
0.8306248701212227
0.8371989837563691
0.8587718943027586
0.8495382483090792
0.8350523558056973
0.8208710848035194
0.8135018138409955
0.8007368656537952
0.8254333879774498
0.8430234619254924
0.8304314632171766
0.8562020522746362
0.8750669584462308
0.8888381004107416
0.887890227683346
0.8773752875659515
0.865269604415442
0.8632157636416515
0.871402072482851
0.8942874120712845
0.9137225323236774
0.904787194749989
0.8914157012837087
0.8762814177255122
0.8986455320381571
0.9212865544405172
0.9345638455620916
0.9200103295195842
0.9205111507234387
0.923711249335035
0.913142558658715
0.9238451482707561
0.9413999685258874
0.9386702340276515
0.9593252567093136
0.9795251460150863
0.9784149965466339
0.9552091542164167
0.9561125710258503
0.9678741040999197
0.9393451160440156
0.9464808951441175
0.9450441779079521
0.9448265257068479
0.9591035671307653
0.9720131827805868
0.937911097088098
0.9473005345320347
0.9325591949964593
0.9338587214240197
0.9462200979252461
0.9608434415212646
0.9431067528238822
0.9550783025545346
0.9817338389157466
1.0045003875189074
0.9855083819983332
1.0063263719319293
1.0325383954774157
1.0655103610292487
1.0625386375890196
1.0373443703323788
1.0536274686917932
1.0348523826941747
1.0303353580830183
1.0288372986614513
1.0300197505501527
1.0371026599856719
1.0531010426771719
1.0429331763401917
1.042699583963159
1.0305828325967936
1.038288940532926
1.0559798275369459
1.0937998178853197
1.07607081163294
1.0809798631920828
1.0789161596344985
1.1459873714161426
1.1416158496040179
1.1289333746617862
1.1054150661656923
1.0993937141320114
1.1122407844688247
1.0761523820551164
1.0646152905206867
1.062977045948883
1.0857192947179841
1.0629286833047629
1.0508631201783416
1.0511059468030224
1.0648471119867915
1.0518295251517615
1.0602320060770725
1.0941775423116127
1.1155889667430332
1.1017039203042707
1.08950186849299
1.0764721321602524
1.067089872094227
1.071738015269205
1.085359049730461
1.0871925873233383
1.0882464405414005
1.071218010383358
1.0667227664421381
1.1060266183644591
1.0920492430345223
1.0821639103146672
1.0524768906817592
1.0571103528980725
1.0332975779655613
1.0161290587545706
1.0388170973463953
1.0363026314920687
1.015857594153782
1.0278427183080008
1.038545547590946
1.0181028965317371
1.0068865672521428
0.9896249084500504
1.006715626534782
1.0299159054674274
1.0180315119771057
1.019384177219667
0.9988774041284278
0.9894535575329829
0.9731167966588462
0.9644296746336306
0.9656636566294033
0.9699340500542327
0.953801003350796
0.9525985530767754
0.9311151531477855
0.9290941916255777
0.9107967822786736
0.9316706311165077
0.9432436117286191
0.9468525863364544
0.9357529877254851
0.9571702930604039
0.961837002958868
0.9498885507591088
0.9492680796988721
0.9364107905198391
0.9240393825576033
0.9281142591135678
0.9015668804940654
0.9051832541300002
0.8989923544090184
0.8988802990087345
0.9272422916253512
0.9333872959574204
0.9240489973322479
0.92125013017226
0.8979890677327484
0.8975502717635675
0.8818850416133601
0.8811460328316939
0.8708856700693002
0.8847691493538489
0.8970051183657344
0.8722046068497982
0.8962570709411678
0.8994516601986037
0.9026357511602733
0.9215387156622822
0.9289316337427785
0.9168597413455603
0.9132217008319934
0.8854234601549603
0.901508206774466
0.9144390656999701
0.9169465210975778
0.8887341524313501
0.8938056293071039
0.892008727849311
0.9116834729552001
0.9202484165390321
0.9079123505431014
0.900657721181677
0.9301009221428194
0.9312512814188643
0.9279491638668949
0.9479710112670738
0.939022311891347
0.9433080664697944
0.9499925927440283
0.9458140421932374
0.9538019748835252
0.9150711648930944
0.8838084059007024
0.8852877247035145
0.8942233039633839
0.8528134240638514
0.8525399394274489
0.8606939284584301
0.8435066883374172
0.8533912032821287
0.8601021993989788
0.8795634442263428
0.8716496837294753
0.8488019374115242
0.8424294382271508
0.8580627004167839
0.8425172674596928
0.8553967880628196
0.8733916304283657
0.8642067994559884
0.8708762337361171
0.9040054223255952
0.893612396774327
0.8757447351168058
0.8730194237590861
0.8778108243741579
0.8781814950390727
0.8836871112770017
0.8923857303314837
0.8990846156071459
0.9093425689737273
0.888078030542815
0.8981098791093267
0.9236485459201489
0.9069511128158368
0.9030603508534025
0.9201668515391153
0.9563788720260513
0.9646668876772082
0.9362288717796736
0.9256077334649822
0.9560944769787324
0.9510443720613
0.9612585732919361
0.9797876200569897
0.9501776096534288
0.946374579939014
0.9234284883145437
0.9525107815734752
0.9841968415845718
0.9618876119062548
0.9608507881482524
1.0065200942160797
1.040176739679764
1.0210283278260555
1.0238690784040874
1.001469778506995
0.9566877947301078
0.9664017904304707
0.9827001196555205
0.9984153626708896
0.9873837788574046
0.9806705673525005
0.9828635620957512
0.9857053196890835
0.9611761503944225
0.9541661451276384
0.9174225324660729
0.9309739647047149
0.9272254560582249
0.9055093093725225
0.9020977031929959
0.912997305887474
0.9053855890312938
0.9189451299768163
0.8983225475372287
0.8697176332267712
0.8453456704153136
0.8453267167465945
0.8598394054879132
0.8865255978617318
0.8711989923929391
0.8670757900306172
0.8930094316529372
0.8829740762990024
0.8685085131145993
0.8915415431699854
0.9125923110360408
0.9038387001125909
0.8862112374682043
0.8857480229269876
0.8970424214787459
0.8847018957573536
0.8845384342652349
0.9025725286991765
0.8980917584374759
0.8910219471981398
0.9150616019991172
0.899724655033239
0.9344770249669974
0.9157831655392732
0.9102241700267035
0.9154561919852493
0.9099131896522918
0.9006519830511435
0.8831649904225194
0.8739561272644837
0.8518687752639407
0.8583669860292595
0.8538461842636106
0.861345282347873
0.8324983367948559
0.825452017311361
0.81964939437818
0.8183802167500646
0.8210603895515196
0.8293661324160458
0.8453053846784714
0.8525419682694677
0.8336773783916208
0.8468610632304325
0.8841587659939705
0.8768622837505642
0.8613248362022039
0.8806974519357021
0.8701285219644199
0.854615464845883
0.8775813256445145
0.8703855057699306
0.8944521730953764
0.8767069137703205
0.8829635408569969
0.8760122211822736
0.8854429776490013
0.8718006803455256
0.8757251276136182
0.8855688364789341
0.8902543651044217
0.9044255048556679
0.9262701086625658
0.9136630616225608
0.8767633518294673
0.8840160142041827
0.8994934847013608
0.9007323308132569
0.912925603496099
0.9351484194977854
0.9239878736111148
0.9392193853614335
0.9792377698856353
0.9846069299998336
0.96137299490413
0.9706569456347827
0.9928756783628048
0.9777833660667508
0.9768259158576448
0.9721745886425671
0.9966391219473933
1.0138061069509798
0.9838586647798889
0.9890087535142115
0.9751749104724169
0.9674758333051728
0.9658548925661125
0.9752584261231328
0.9961004010277025
0.9938260157093142
0.9908179563465491
0.9932531758195816
0.9910875935903858
1.0056772324009324
0.9746017664126845
0.9596859465123233
0.9561813088145075
0.9386945083848264
0.9504777622947719
0.9508405127514528
0.9520849920769203
0.9619013261360133
0.9718659056560087
0.9529863319031212
0.9291282200336574
0.915312347150909
0.9514887629542298
0.9420018789591089
0.9335920946516025
0.9462491719749184
0.9220731065215473
0.9123833723361182
0.9305984414288774
0.9405861120095796
0.9358360837818621
0.9303686290814609
0.9257775202555831
0.946682483474986
0.9517824616848436
0.9311902860974299
0.9139327516505138
0.9338642289023417
0.938623413494339
0.972087196582043
1.0544016662193327
1.0631713522671513
1.0696318823516267
1.047102124448565
1.0669688291516568
1.0392603550022914
1.0194931861453846
1.0413306175301298
1.0540989322292083
1.0285083800827848
1.0221290474663771
1.0141384886198412
1.020371197582668
1.0233553332291887
0.9980293384177057
1.0061228152935926
1.0425698318512153
1.0200208199456058
1.0217125699557368
1.0355780301393795
1.0014682322080068
1.0040407239855644
1.0144132611082834
1.0152889226089283
0.9973642831804269
0.9957186186758291
0.9690027411233966
0.9850785441954901
0.9986319924690095
1.0237361074717766
0.9960093240650704
1.0051475070614506
0.9763724628426125
0.9823259211698252
0.953248347542919
0.9693891939253146
0.9881391539875102
0.9933006700493118
0.9755799016954004
0.9788950917726316
1.0159364587099522
1.0191584390935293
1.035679736502129
1.0331661162225574
1.027328199254455
1.01654926768816
1.0173311211251534
1.011071308669423
1.0535112910070923
1.0578713088324134
1.0900661126972178
1.1004198714508606
1.046993038957426
1.0479060686445596
1.0431004302592184
1.050956477578579
1.0426925999458023
1.0546978156474636
1.0365251508088165
1.0174652194409601
1.011241607729673
1.030827493409588
1.0282641016695948
1.0343555976612169
1.001430486317236
0.9988727675895718
1.0033280513636469
0.99724506106211
1.0063413053398103
0.977514348925344
0.9784775191802595
0.9653000422758112
0.9961939786316413
0.9769909550396039
0.9732075905426694
0.9667147109859218
0.9890952033369018
1.0061535683885197
1.0133577353912329
1.0245817827691517
0.986259567359677
0.9691050409631607
0.981536901795515
0.9929639437274935
0.9915376931202093
0.9794205967601276
0.9847160928674787
0.9805993725977256
0.94377340213996
0.934257536855774
0.9451017267938092
0.9737287855512018
0.9413945232104516
0.9458645636669929
0.9323849134710619
0.9203562221461566
0.9460204295995682
0.9714617679358474
0.9680277021690479
0.9826874006166157
1.0016413493793972
0.9888408204392722
0.9946652664537419
0.9993406553070788
0.9834955746022931
0.9936277714272926
1.0048181337691213
0.9972804013483155
1.0190057266568529
0.9947809824404942
1.0193670131646562
1.0158679146343126
1.0139225802702656
0.9988578186437844
0.9965213352639762
1.0156856455756957
1.058014437711479
1.070512162990264
1.037342610195111
1.014329793429756
1.0501293263751763
1.047967497767066
1.0380068513033813
1.008330288650663
1.0114707876146396
0.9951781388152493
1.0029799637223702
1.0154292115114556
1.0052310712587755
1.024029845078635
1.031265058957523
1.0166161224053045
1.0065756424547219
0.9986895191306152
1.0022666547439567
0.9986675943904972
1.039553735174593
1.0361266365443595
1.067264559299927
1.060154905099155
1.0417914644590842
1.0208168093570147
1.056726364492242
1.0438828933492847
1.037345003943592
1.021931383344957
1.0026688586602324
0.9878256486321195
0.9887430844982938
1.007548334246616
0.9977807269640487
1.00957201631571
1.015001137107511
1.0451708779275604
1.0338725885323876
1.0467083802297494
1.0362808018755238
1.0502042302428898
1.071692172097966
1.0903034733291157
1.124058698507129
1.108401824551943
1.1381699710244213
1.1266922991625234
1.096689494336647
1.1071116210376446
1.0866387875389896
1.0828158847807272
1.0956785906195796
1.1033478131624008
1.0918712205470644
1.075311105826044
1.064603438356962
1.0587902711170143
1.0677405264954611
1.0696847906107614
1.0377926491492226
1.0511285457226514
1.079246954413686
1.0736695287295155
1.0337428689428487
1.050370842528073
1.0508175816251133
1.0750726336882144
1.1045977454142564
1.1211810759762828
1.1091369331980492
1.09966127165824
1.0992740369904086
1.0827384954438788
1.0899704187425021
1.0844690873611913
1.1029291139919801
1.0877699124184317
1.0950737607111354
1.0857612751022383
1.120485752357668
1.115069302262154
1.1420740072664404
1.1687092246551911
1.1264089482768787
1.103269977745096
1.1413666229536148
1.115369215693635
1.1026697436665533
1.0963726961700309
1.1045503932527234
1.137417218660582
1.1734424022042005
1.1637981120468637
1.1378326706429291
1.1400260985308543
1.1243164560660766
1.0920836886036214
1.1094921576811976
1.1268153361139075
1.1081993794338438
1.1134272645495473
1.1217150297636767
1.1413456870246184
1.1499085364950203
1.1300378242318139
1.1203046096326106
1.0858706236267837
1.0716500281187649
1.077312463421884
1.0636303759591537
1.0732313371307862
1.0695302084083014
1.0436937159392825
1.0380126879475515
1.018048205561676
1.0562866258995056
1.0811402279847546
1.0648599979581201
1.0551941662499655
1.080924355020741
1.0645400480066802
1.0731544997712392
1.090724336847784
1.024065627344699
1.0172762640265958
1.0279753424522406
1.0241247967206049
1.0299168651476107
1.0072774539592515
1.0003035456572618
1.0094341310249955
1.0086205751343689
1.0390133676853033
1.050903331302042
1.0607497093899447
1.0219560793081535
0.997809569305228
1.0045586352399782
1.0118241496526321
0.9658209645428198
0.9582498384290578
0.9350624353388144
0.9368586177656982
0.9555156660481317
0.9652590807720883
0.9676912901005277
0.9580648161072092
0.9748668810287693
0.9835515416052433
1.010858935569487
1.0022302345011156
0.9856709640009609
0.9919381259008708
0.9612237551843468
0.9440741957338927
0.946340151339371
0.956733304308231
0.9655254845241226
0.9697277140253253
0.9774999909755802
0.9996329924793883
0.9989330539404264
1.0012086859765148
0.9851459225184942
0.9987242868931017
1.0159880253872937
1.017093596754572
0.9862541377301818
0.9616343206165433
0.9803057156327559
0.993266697691102
0.958348357257645
0.9898916410058277
1.0014160018244946
0.9954213777023408
0.9687527535162713
0.9872108585065381
0.9678762271958321
0.9411045123321278
0.9688910500232697
0.9869600720965406
1.0027930970777623
0.9950498612987624
1.0232800748083177
0.9988764725124126
1.0017094079200166
0.9904987316598296
0.9535503277191577
0.9557600486309837
0.9851047236311905
0.9723726791019668
0.9921751282761381
0.9779273958550274
0.9686384334705409
0.9736258448846021
0.9873706375694156
0.9735584797310997
0.9513194625698098
0.959922049390556
0.9720396410540569
0.9845856013108274
0.9987124767390482
1.014779097513849
1.0387604704996949
1.0541367988458332
1.0380169963832488
1.030466012917619
1.0354338010042956
1.0172300402921566
1.0076815705739952
1.000628492786462
1.0242906347787049
1.0285287731035517
1.0114320544649325
0.9946200365086163
1.00812216516565
1.0014239187338123
1.0149319751663197
1.0411338919925757
1.0341897852827686
1.0455368316316327
1.0105721491859627
1.0045823602937205
0.9835361754994109
0.9754678344545505
1.007461970089809
0.9987523829423866
1.0098805006617122
0.9920592097150229
0.9763756647377082
0.9830416572543068
0.9813467975967174
0.9819930332165667
0.9871443128087809
1.0156958555780993
1.0637373444027098
1.0932107548305612
1.0700252755604367
1.048633017245029
1.0265576740678102
1.0423978581467022
1.0499103289300233
1.072369057276096
1.0585753308952945
1.0646944632335076
1.0594707726499988
1.0537639562817764
1.0531916273873367
1.0495658551723213
1.0481949108839685
1.0335406133697136
1.0724256330768613
1.1088495440650026
1.1321434770374617
1.108052512737484
1.1129420862130135
1.1432714047261185
1.1351680867391898
1.146079762455045
1.1202226613736548
1.0952125080344075
1.079871361695315
1.0796787399691319
1.0525560888619814
1.0644854798172876
1.0480013506086399
1.0212917612799135
1.0038427773514045
0.9842640115278639
0.9813637038290064
0.989033498949521
1.0119566996364444
1.0038712111346095
1.0033298276395086
0.9862342366332534
1.0100179981761415
0.9921270590799233
1.0277301174700963
1.015903394751566
0.9819753051443415
0.9807227316815462
0.9931398875994524
0.9869782725685378
0.985930844009586
0.9740083036720626
0.9960624185934205
0.9807049753850907
0.9717490640224657
0.9961733231769553
1.025485540413429
1.0316648549964345
1.036923509383402
1.0172005371826145
1.007316449562426
1.0194886323557475
1.031552002725887
1.0401007182147477
1.0084586633408896
0.9990213476388858
0.9884092830116975
0.9679049276967712
0.9458960785263617
0.927580747385136
0.9154647405556587
0.9039803305848704
0.9217536985886078
0.9292839159325285
0.9060637870837284
0.9056074918629555
0.8949834501248641
0.8912717365766514
0.896345097149523
0.9164266551299569
0.9320899913652532
0.9508594841702556
0.9617747528205141
0.9566599258282242
0.9774049505343454
0.9891217524618892
0.9760199537213096
0.983869411890602
0.9728385427400538
0.9662033784863974
1.0174030901527877
1.0234523488961644
1.0304665923114391
1.0580843668729176
1.0213427866238745
1.0312660595309884
1.020861063839389
1.0260235902487802
1.0458001106099413
1.0680882917359276
1.0630871434065634
1.0524838217747186
1.0855810568679543
1.0791687196587532
1.0847381998171401
1.0960696429156518
1.056263084251033
1.0434231132800416
1.0643429059569258
1.0656842235602817
1.0877726121608748
1.0677084673170067
1.0515964696215492
1.0446387875723224
1.0042279846489277
1.0023524954738139
1.0081291561018753
1.0058045348757532
1.0142790102415264
1.0543096095141646
1.0762187834160033
1.0578400218141946
1.0807587901893871
1.07952993533409
1.0749708366315038
1.0590285600266305
1.0560448119182724
1.072207314376467
1.0687728840529023
1.0831008446992898
1.0842637771552575
1.0912402694213847
1.0993230390917388
1.1233357896138207
1.1181756712663595
1.129907016584654
1.1508414188456852
1.1797450496823563
1.1713014777178852
1.1484283163583544
1.1668119742420797
1.1839888952113666
1.1529421984994621
1.1527387079388225
1.139021628447041
1.1115102749102779
1.1150456194375258
1.0992140957374104
1.1027705539562394
1.1039053523312872
1.1471120328164164
1.12975235481197
1.1042140592645062
1.1073340207883466
1.1009107799264974
1.0767377087974734
1.0559262543781098
1.0653037659455364
1.0724373808943015
1.0883787320930944
1.0989929597808645
1.0767940045223912
1.044645831332479
1.0280750883122305
1.0188467851714773
1.02268623618276
1.0016017219306315
1.0116474916465379
1.0019568417052678
0.9890012887533537
1.0075777472865244
1.0304641338600304
1.0201033403050102
1.0221151706663107
1.05792422498678
1.0662877601948728
1.0584134724462126
1.0544826286605882
1.0738085868927667
1.0716277251754511
1.0751245770432039
1.0545707183031547
1.054586494865791
1.066645520896752
1.0764476232394216
1.0891953419170044
1.0474233632358483
1.0473818222113314
1.035110024766848
1.030243863293452
1.06572094427636
1.095105669721974
1.0833409166641248
1.060324984792795
1.0754778092728488
1.1016182730846886
1.1149961025598956
1.0974050482008064
1.088854035640501
1.0933768843713791
1.0716195331900822
1.067266732001908
1.0824829869939272
1.0858419367441678
1.0990547251811031
1.0852807820751749
1.1152384602021854
1.1150160281020558
1.1070240833121405
1.08920379910347
1.0763770586805976
1.086089082071189
1.0673872100058615
1.0456297156676095
1.0307755466532371
1.044425538229702
1.070652148919654
1.0570803014549301
1.0852035846378862
1.1015230309219253
1.0791293303272473
1.070292719706242
1.045835902494896
1.054078103375215
1.0799969484590177
1.085992466081248
1.1516669719687687
1.125615678929637
1.1255138206859823
1.113467746582257
1.1327360928203258
1.123606819463364
1.1048023219387915
1.0842791355560224
1.0800526788400955
1.093670408765797
1.1018820727289989
1.117327010212877
1.124886285606605
1.1398786423339249
1.1431808169598472
1.1542529538913278
1.1206592545547482
1.152214172741368
1.1787071635047022
1.1556343263507034
1.1240400583094172
1.1088223774176125
1.1353257571216022
1.1225023687496172
1.1201789115085599
1.134161931522374
1.1188929834678434
1.125247846699879
1.1164022979597399
1.1005446312155254
1.1044485091176692
1.1090191211291003
1.1009347443339375
1.0868187128667348
1.1171913442388368
1.1042803521900948
1.1062241787833729
1.1184608171754105
1.1278209172010458
1.13468448401264
1.1103855831671083
1.1319045417473461
1.1131440397332932
1.097198638408637
1.1085709907256902
1.0916314658014687
1.083269870244541
1.0759675995884708
1.1289132618550504
1.1238821882616008
1.1253632063209509
1.1073360619263846
1.11950862773749
1.1147257014028278
1.1094709721889127
1.1228483565679066
1.1545384167097583
1.1524759114977194
1.1528065487686425
1.1728086790842482
1.1721162886106702
1.1985527059145231
1.219351604759473
1.2176902546534412
1.2471944635266197
1.2428358491609215
1.2744252004879395
1.244279395927549
1.2336184539591766
1.2148698839471526
1.1971156347218772
1.2189617468443739
1.219222669997923
1.2121324139821654
1.2036478995649984
1.2312126327470845
1.2287660211352105
1.233051455632134
1.1925293714198946
1.208813318843934
1.2219211955778184
1.2053349689127726
1.1718950032635553
1.1750349548806645
1.173107287348654
1.1616595561908916
1.1482234753614513
1.1724517776572756
1.2124017715298694
1.2056564990473198
1.1951168198327378
1.2017408273429027
1.187594229239636
1.1782027161796702
1.2033137839251873
1.1932207345243677
1.1978859695097963
1.1915223791199114
1.1860414228646852
1.1879227350640185
1.2150447986556803
1.1951963710482663
1.2067853538963391
1.191565237345631
1.1921692593981335
1.166911210389571
1.1641139316921205
1.1539015092008584
1.1696922095497642
1.205618864648419
1.2093735508937422
1.206639512144699
1.1817875251347838
1.1594147041900267
1.1533444722718638
1.132225222981075
1.1182837295502783
1.1053522955393642
1.1160549892874925
1.1303163674223071
1.121390505168221
1.13143270949684
1.1546861577882763
1.1547024910012316
1.2018394339317995
1.1947119058876632
1.1773251527272692
1.1888501324039322
1.1944252934675261
1.2082452280361493
1.185489655294311
1.1660828104793315
1.1784344472658241
1.1866525682359201
1.1698782612172867
1.1754565029306472
1.1985456038450433
1.191967210720445
1.18346089249584
1.1873101183539307
1.1885145260183947
1.1986069070580485
1.2285696821369967
1.2181895336714912
1.2157234284583145
1.2231156925515863
1.1931013551353606
1.200989783744166
1.1833649673613948
1.1695278282027
1.1810064874528727
1.1875181619850625
1.1659468008772758
1.1794683804937145
1.1855930004179096
1.1902167934848338
1.1740885470584836
1.177230728837089
1.1491832992043052
1.1285459778945597
1.1502142074853754
1.1487235946383665
1.170075438190958
1.1707112226926606
1.1944115745566728
1.1875287633873552
1.1728005096868577
1.1725591209750168
1.184847413219177
1.1822894603482397
1.1973282619193384
1.2144262183490326
1.2070844284798197
1.223728388331436
1.2421132942792696
1.2297416565813033
1.1745716320251836
1.171296671633852
1.1839988901787175
1.197627006782674
1.1814704253162263
1.189625388144517
1.2014563612132456
1.182470770913824
1.1631991968958617
1.1738228377854072
1.1663766552115253
1.1774349830862854
1.1749652263460595
1.1622970926193634
1.1615743166189187
1.1552872103352867
1.2010827999918396
1.228390347980315
1.23294982233709
1.2520827760879818
1.2345878776822405
1.217974757961962
1.2505330431001354
1.2304547625823403
1.2285599924120296
1.2495541391298053
1.2772313011469536
1.2762596482351183
1.293255506661589
1.3118822617097639
1.2963087492645484
1.2872792184306336
1.3128217535674558
1.3090119747139841
1.277620243048146
1.2723931287892079
1.2928005667993352
1.311816699221415
1.312948646733641
1.325018343292884
1.3045641231180711
1.295405325306386
1.2801899587698584
1.2583287183037886
1.2691302311434494
1.2643045617897575
1.2540712474686733
1.2409036671687261
1.2520961627420268
1.2752384043197051
1.255054805954776
1.2412713954681707
1.2339628909547282
1.2327032372705395
1.201347790015566
1.215999404561741
1.2335370063168571
1.2295298937809667
1.2240761176389434
1.2146736569325554
1.2375027361150446
1.2423214480277782
1.2714181084832972
1.290834690556201
1.2419710709060192
1.2179853328873373
1.210575417483136
1.232872118523162
1.2407817173382336
1.2498789315755512
1.2664556632631059
1.2459768494157635
1.2293520371795783
1.2067204383857717
1.2275937499806462
1.2249930730761485
1.191885952387839
1.2067283521619918
1.1929015734603143
1.203816301412095
1.2125499628376362
1.2279836656742646
1.211728966915463
1.2218558368205015
1.2550236349097101
1.231588187553522
1.2665852604648873
1.2621428154683656
1.2622914775680023
1.2667290397060353
1.251085465859525
1.2290927886963126
1.2698820845125267
1.2615123797277712
1.2719158082503652
1.2623909829598414
1.273822127102925
1.2767043688713502
1.2733196572139325
1.2907344845552344
1.2890365773613557
1.2787235593278348
1.28668481940002
1.2938477940998565
1.2417060455616478
1.2480463148649168
1.2346895875100319
1.2372569086430754
1.2616579562162737
1.2915896946015486
1.271511607817701
1.2807886924963703
1.3014113808891425
1.3210965103886037
1.3292140359221953
1.348592237268749
1.376269344732491
1.4223157750160937
1.3963396538491515
1.3952214297020957
1.3559989481102066
1.3635706778072922
1.3445733315071988
1.3274858933345972
1.3595499439660848
1.370420551395859
1.337887772370337
1.3609758262522968
1.3448148944010803
1.3397425359336559
1.3135710504164615
1.2945597711323502
1.322990569264993
1.3323755300495377
1.3482035358243931
1.3666149813487594
1.3025287993330243
1.3109481746827232
1.3196434983120868
1.2999338868216612
1.3216417239502165
1.3080393855284678
1.330169474342329
1.3374426750281359
1.3445402371585014
1.321078429952194
1.3007759428812775
1.299884470582503
1.2771087601093263
1.2830009269364648
1.2902567107959961
1.298898369238692
1.2937476504582208
1.2871267440598877
1.2787182844618303
1.2901243062918846
1.2728088720258461
1.2657379001688618
1.2554654843032875
1.278203329463647
1.3048115182599758
1.2937742982579183
1.323885349002902
1.3391888550368047
1.3654693381447065
1.3609797728349315
1.4042137275948947
1.3838099684675034
1.3494843054565329
1.3452043131794498
1.3209551015338286
1.3261191592492279
1.3466218329813378
1.3599768266523193
1.3330359528788747
1.3268141583715285
1.3482811940379649
1.3402163983833926
1.333518185474984
1.3267727063341608
1.3719334325033958
1.38203192148562
1.3726470886156554
1.347541515207601
1.3296223269908454
1.3054698144778807
1.286709117136055
1.2917876146430969
1.3060644217630861
1.3354884295019955
1.3399004454887877
1.3444677418322086
1.3906377688883653
1.40236185387724
1.3971526321462377
1.372456047268841
1.3396042479770305
1.3468619611687809
1.370874113794804
1.3717637781881573
1.3500240553277987
1.3267872089862123
1.3523217377081427
1.3430310134874657
1.3586289175113069
1.341154075164607
1.3638062573343823
1.3798554400694405
1.342813448594565
1.3248073233430715
1.3169259820612338
1.3288001395423974
1.2926661480521324
1.2890233540499831
1.29764914910398
1.2955783339519467
1.3617493250841748
1.3589661283386372
1.3503418159490654
1.3440317014163934
1.3391351758906571
1.3507106349075768
1.340448505488041
1.3257007839672474
1.3467584276007134
1.3297083726724794
1.3161667990427839
1.3346561112917978
1.3693138660142605
1.3588423767019824
1.3371850497737663
1.3452483926249965
1.3424573106344293
1.3619368038137982
1.3689581534933777
1.3607930273302635
1.3906758388763367
1.374700358707242
1.3726027284858104
1.3752048206793124
1.3925304742464675
1.3924651582754042
1.3792631946126965
1.3583773624276005
1.3730381550054034
1.3659084470219858
1.3514311678179542
1.3251440166344322
1.3089090304196693
1.3300283100068566
1.3500296850296711
1.328652294577651
1.332245767030074
1.3172095782004483
1.3050099383465699
1.323626177766377
1.3365703511670048
1.354273160538177
1.3490731044976152
1.3378014745276992
1.3726815149201428
1.3901067060761063
1.3529784194727072
1.3655948603983377
1.4259324516184781
1.4199335513048985
1.4013302033016841
1.3941336519955243
1.3997841300315201
1.3628171403359755
1.3203773770352205
1.3193501593801549
1.2701730898043333
1.271566555397465
1.2452138515983096
1.231890800023569
1.2288364419579345
1.2151030588514227
1.2222383036008597
1.2333967269407895
1.2459983868193407
1.24387179399325
1.2341835665229017
1.2434342714443662
1.257788195632473
1.2687486010675613
1.244542349804796
1.2585874225138463
1.282233330928471
1.280640276529966
1.2768201273847588
1.267670734192845
1.2718093175102307
1.2990318556417872
1.3130483494995886
1.300506056793032
1.296122623650012
1.268419853447154
1.2684557324745516
1.2547291045533369
1.2488071741223656
1.2539877542955953
1.2200336662787745
1.2357567799764146
1.252247117558329
1.2352244005594248
1.2447641479301321
1.2305486154254741
1.1855420000503234
1.1885639526490075
1.1965791092735447
1.2090873886036357
1.2134978384065391
1.201981481828054
1.1830943613938447
1.197575976506715
1.2334806343723148
1.2583140570313764
1.2313126987020204
1.2415142853982795
1.195595427810447
1.2069065352673043
1.2134314289245274
1.1998935929394883
1.200335500579947
1.2137404768882485
1.2047248135735664
1.182230535475474
1.1804645708005732
1.2014644469792903
1.166109259774326
1.1609796064042996
1.1463593727564547
1.135608992312842
1.1500272435104935
1.1793794973951761
1.231325021580482
1.2176528244198561
1.206993025211572
1.1811809333213883
1.1924553515680718
1.189855770619802
1.208450495604439
1.2089327937406227
1.2032717851200636
1.1865630083188916
1.2180917370154662
1.2032980700291804
1.1823695449651002
1.1738928413897094
1.2015417712415057
1.2144536542717865
1.2288662032243411
1.2527226226458927
1.2895484643062465
1.2722152803118156
1.2371459582571536
1.2425369800274804
1.2562667344535505
1.2438656179074505
1.286224855046541
1.326485511102647
1.3216723039145268
1.2899021742964565
1.2657121987198914
1.2756004166059494
1.2916894958346803
1.314753081596525
1.3504330409840257
1.382124619052483
1.3648631309451962
1.3511617272599055
1.3401757160573964
1.3454508305360162
1.3330110314835817
1.3097585522965995
1.294844409456147
1.296396055652488
1.3093001919690805
1.2869542578861182
1.2823420703699806
1.2855783298087742
1.2926126749750946
1.300276464591354
1.2521886419060055
1.2443857949886181
1.212550413767445
1.2452440142999261
1.281093121150219
1.255299386045853
1.2523160750853974
1.2399081336242221
1.2647587355709144
1.2676526266422565
1.2413043264498829
1.2793860241330408
1.3193648206242932
1.281857029411381
1.2707187073824004
1.2718028087988142
1.2276097709454572
1.2350897166630226
1.1958647332983399
1.1856054900952626
1.2426905591979944
1.2345625413272208
1.2223020114904584
1.2239728604763624
1.2452372117527373
1.276158127124304
1.3012837088411644
1.2688487689869834
1.2261915816036362
1.2263966998704694
1.2273634852174022
1.2529253150254387
1.2707954671203026
1.290087957402807
1.2792863683073752
1.2501833930052135
1.2878730920483892
1.2991431576239747
1.268309204318692
1.2692939862557384
1.2341174061015758
1.2353203057720283
1.225053750857355
1.1978117509552937
1.2190660901699597
1.2199715716263237
1.190349271728191
1.1619298018660433
1.1479064274593451
1.1477664556915879
1.1563809500745081
1.1301725098193052
1.1307791074492826
1.117164998690748
1.1084580380836242
1.1179561809495016
1.132173531764304
1.1173911580826594
1.1005314252337377
1.1032004493965655
1.093886849787525
1.1005221663419213
1.0771689055767606
1.1058915501542048
1.1432017614798848
1.171909689840016
1.1470423933694378
1.1673571685711912
1.166048554331491
1.1566271155971783
1.1696649190169828
1.1474971766515085
1.1390688183378646
1.1195400347017859
1.11679089801298
1.118134176298603
1.1443323805547794
1.1491880981013445
1.112094536034884
1.1331425239633552
1.1029700348198002
1.088744543576433
1.1107200309754803
1.101528314665168
1.1276285919963893
1.157106435544884
1.1339552283986312
1.1516913427535291
1.1509262836345067
1.1602411674495718
1.1671494065602321
1.1508331326538048
1.1449541419215807
1.1187210939663166
1.1160033990056761
1.140328891098206
1.1608035925142308
1.1927231633081625
1.1688528234394189
1.1752284369309174
1.1660425572245732
1.1723324189331996
1.1444038593386003
1.1608541809585373
1.1715547091480047
1.1504219466252084
1.1352107053122837
1.1181290081251725
1.1176759564534644
1.1282061276778752
1.1158497932559497
1.1079515522769998
1.0964902566973014
1.095169537949368
1.0577857506311776
1.0630269220286144
1.074065151502215
1.0731593830662411
1.0823474106664464
1.097370353143983
1.104883082104144
1.0929926339674825
1.0905930336589427
1.0856949224971395
1.1219739486549394
1.1036487750658364
1.1130769037894006
1.0898696846148854
1.0883904558457458
1.079104722080147
1.0543714302815133
1.0315775509173952
1.0238306078179462
1.0381596481217086
1.0450538559553608
1.0310144449876895
1.0468459405240602
1.0447125666439745
1.061878365453631
1.0440080099684683
1.013575652874045
1.0241531188357156
1.0135896057073346
1.0379800499846747
1.014504870239105
0.9950877957033384
1.0148690892838947
1.0014090554648007
1.0153411705887547
1.0059746414123136
1.0137147422722617
1.0043455738700071
0.9993551363799641
1.0177766475981143
1.032029786501286
1.0107222810056158
0.9939984859988967
0.9833061561776737
0.9958181335332412
1.007960709097862
1.026048293036105
1.0189196915401941
1.0418117849850357
1.0323424233699443
1.0222499785901222
1.0278500101675625
1.0143003672998
1.0248537874075183
1.0679001422508976
1.067464164053041
1.0652591937746243
1.0379805586122726
1.0416878231307305
1.0356677755625496
1.0632463675080246
1.050907588229462
1.0662319053864668
1.0616518859387312
1.0782011913053906
1.0807986484124859
1.0702703574126187
1.0877427167480929
1.060665486837286
1.0600587851005945
1.0655228546212872
1.0844723712827224
1.0635766077797186
1.0537012095578315
1.0403866987036583
1.0580902774686312
1.082681441692087
1.068911542612649
1.0920794691257867
1.0866573243980118
1.0818791674648125
1.0772564361377268
1.0987590135151843
1.115395736980498
1.1322140706981123
1.1440071851864915
1.1082967835203021
1.076658478816242
1.0953818297058366
1.0951227758189979
1.1058769617610742
1.1235884419269462
1.1358804322517992
1.1193002397898646
1.1588289870798478
1.1461346415179103
1.133964677894018
1.1433617791146657
1.1314389671777445
1.1352237863306347
1.1529535942735971
1.159087145452116
1.1840237014372623
1.2223684585527042
1.2375845784223576
1.232637952952823
1.1936060141908182
1.1781281593539856
1.2093185108656996
1.1772373200925927
1.149586126118968
1.169443098993533
1.1857812219642312
1.1685024383668052
1.1460805493135484
1.1576865750444725
1.142400551512277
1.1488119641948564
1.132615890001103
1.142857111180896
1.1744104421748405
1.1543241319324078
1.1199671461588654
1.125568728703202
1.1026800398754342
1.0685870314731203
1.0657163977744395
1.0605302081512527
1.0662751661721337
1.080383094752554
1.0678669070348972
1.0914083867775386
1.0933094593954982
1.104830159669262
1.0930651880693454
1.106550707053121
1.1247162126740768
1.1047648551397018
1.0882789296319282
1.089203476215585
1.0749389763073647
1.0937634996159533
1.1041307656010504
1.103726991806304
1.0818176207663146
1.0603945277513058
1.0532602123551884
1.0640711639383176
1.0874695511901642
1.095022394462565
1.1044655504416154
1.1099394012968458
1.0778592606994497
1.0824834227157463
1.0850859075611932
1.0648595183503666
1.0575116192353922
1.0426040499694476
1.0753711744568684
1.0673409324908194
1.0600923755687037
1.0584022917882188
1.056725763560735
1.0726058818118642
1.065494183002556
1.088174306622655
1.0879005359173175
1.0697860539770994
1.0864986861997372
1.0957623971207382
1.097248310610897
1.1040958397240825
1.1067936383696342
1.0819526677415654
1.0549407369032828
1.0192787402219514
1.0016158364355197
1.0112083605299396
1.000007744034286
0.9935163725612017
0.9894986950642989
1.0068457202384626
1.0435622329003988
1.0173940458170316
0.9975155389504894
0.9855358401784919
0.9930530584364663
0.9757407111581703
0.9721380960852426
0.9839753177785251
0.9751753657102914
0.9706709092060083
0.9890887106013904
0.995954794758094
1.0121010171875862
1.0047520297312256
1.016354132016666
1.0005041646123756
1.0296535008448953
1.0211524102924714
1.0299348289671386
1.0118923571174676
1.0239998952675753
1.007297641387817
1.0101018570156812
1.0001515873716968
0.9884731875504303
0.9834999985431735
0.969640325836416
0.9544496407155351
0.9773349305348713
0.9988459674113922
0.9767446372354065
0.9740806394859455
0.9653680106333179
0.9714681669421291
0.9415815821954152
0.9598221186157803
0.9630614036821783
0.9764642905855183
0.9866764478575809
0.9684564614841404
0.9612707370864189
0.9758175172190158
0.9713734187887084
0.9934761448230311
0.9703838460341563
0.9515891561330695
0.9695594609575298
0.960429554459291
0.9355856972856669
0.941389584174067
0.9538841886420479
0.97292338285578
0.9207109901832371
0.9166972538561396
0.9375945795648891
0.9335187412795473
0.9470812308965371
0.9272005386615486
0.9057076849201473
0.8847939271271834
0.8810380783132514
0.8964348941115324
0.9029783804913929
0.9043276111893074
0.9376985963106362
0.9378989450067226
0.9285838948200839
0.9417975740634228
0.9119726898394291
0.9249579399847359
0.920823327315092
0.8982824706618164
0.9043934352434839
0.900805406125902
0.9096643450705622
0.9359617851268007
0.945234149834694
0.9802365017426024
0.9833153073290785
0.9557657049813559
0.947933567915818
0.9270482747609327
0.9435478131562127
0.9258132286351513
0.9199090540632678
0.9313305618817367
0.9458150687302231
0.9364273133689838
0.9173767791363097
0.9307689957372636
0.9279395830440212
0.9401058925709718
0.9563465785200208
0.952740582958228
0.9618829174876806
0.9532967715827951
0.992151266154603
0.975046746897119
0.9539624630589926
0.9736999571572785
0.942483258139484
0.9481759813985654
0.9655951232892367
0.9660184337056084
0.963437304232079
0.94446608941006
0.9677391960528069
0.9719602410965549
0.9854455675730156
0.9830475602496616
1.0193657096343338
1.0109540047154173
0.9838663691981008
0.9962432306551504
1.0060139522262252
0.9915743071627289
0.9648005238546734
0.9795874670246713
0.9610501549669992
0.9611568512674602
0.9343224895560862
0.947870222084915
0.9518311349801781
0.9762546694852419
0.9779376363987398
0.9934793221699929
0.9753234133636476
0.9390437591932658
0.9300690144796929
0.9144379980282411
0.9235869128424938
0.9608516600258207
0.9652415194347851
0.9816236627262226
0.9556564970412819
0.9845367079302406
1.0155239814198487
1.019774184971778
1.0464545060620913
1.0402112878246612
1.032684951288992
1.0443611131303285
1.0217095743322404
1.0507700751011682
1.098965058823102
1.0899702249826755
1.0954401945801466
1.0922701097857699
1.1113375685052527
1.1297145074226014
1.1380525548351883
1.1196122603624459
1.0892991921074169
1.0920575166332755
1.081100613589457
1.0679668218619633
1.0764481305891078
1.0927959796946791
1.1032913114753078
1.1139504453727203
1.0870379168964488
1.1061997320147334
1.0997642160978913
1.0712910161077707
1.0629616940706812
1.0335249391840027
1.0211165517855252
1.0373840448576457
1.0193086816780719
1.0243949963481607
1.0307879903672639
1.0216996882447569
1.0338375418717953
1.0327383330080435
1.0463101386048599
1.063881781676593
1.0626356341650525
1.0948752238457629
1.1097992946480328
1.08885947886727
1.0582846471419614
1.0537811700685058
1.067629249902694
1.0617923268645595
1.096284830912416
1.1142159309280348
1.1341800276697631
1.111745995951731
1.1211224995827715
1.1041562373258516
1.09116363255598
1.0813114557931853
1.0938465674995268
1.07410878514383
1.0682573293123367
1.0439210883059087
1.0361303240892925
1.0143437888577709
1.030955264804854
1.041006578655633
1.0533900225752326
1.0506042168138325
1.0368139586006004
1.0449291152288702
1.0570167302015099
1.0715154366618016
1.0937413450499776
1.0938047302360254
1.0845403860533795
1.0660679612075696
1.0732577760040072
1.1164144018702056
1.1328005768709728
1.1089972044471672
1.086428142323534
1.1013724607635118
1.0705934113686835
1.077563181080597
1.0562148914602296
1.0397500336924625
1.0356779904490914
1.0097091227532746
1.0487651908010531
1.0416983697645386
1.0781440476986752
1.1042762667066006
1.0819294727311208
1.0821443466279184
1.0656292671727197
1.0597786802176585
1.0311906653330827
1.0451672135465095
1.0089018718530591
1.0096852614800758
1.0261986457836123
1.0041319490022869
0.9938632245382499
0.9848931195248828
0.9967272201249106
0.9843459700743558
0.9906778747206049
0.9937593785080918
0.9805055288477359
1.0019662819715756
1.0057989912112724
1.0148925946476266
1.0037914493503621
1.019372447515522
0.978054577925433
0.9557336326588479
0.9495519568171933
0.934686713690519
0.948010858204462
0.9798621864676105
0.9985426612922265
1.005768395178597
0.9930060435173282
0.974371579079711
0.9492010106980084
0.9769957989150301
0.9750613970736097
0.9712176958512294
0.9588210457301594
0.9548356478099846
0.9828091602418122
0.9662670425527358
0.9784398406153493
1.0043651729856018
1.021274366840584
1.0349895939738127
1.0209293808528856
1.0382474695825124
1.0761909099502072
1.0712970793734762
1.0697623325517756
1.0504596040576022
1.060050187218477
1.058873959230685
1.0315126935733028
0.9988314016610746
1.002446918493836
0.9971397695681042
1.0040867935262172
0.9984708069251352
1.0178789092121587
1.0266090711219098
1.0160960102894887
1.023389078513949
1.0437486935292877
1.0379896855287523
0.9991796945420462
1.004234782253587
0.9883723732597665
0.9918044279049802
0.9983833691408542
1.0013278480332972
0.9845904132709864
0.9727839093309449
0.9664762863656207
0.9757811922809558
0.9599096915348023
0.9369736502978635
0.9175035361596204
0.930394841544027
0.9278760452324673
0.9148327680017372
0.9080174288067127
0.9013578130918652
0.914378936549642
0.8967787623179211
0.9123723065874204
0.9019917713385568
0.8856713894330592
0.8711049177945582
0.8629139660624552
0.8572267545360923
0.8929258383553684
0.8715639811404127
0.8561980800094413
0.8421597307988531
0.8270279997200681
0.820826907613553
0.8457058489104424
0.8311392892012367
0.8097650377306373
0.7962729482010166
0.8098362076211827
0.8103514884891981
0.8366361408988585
0.8449515470457334
0.8575221804134707
0.8799006161075316
0.8569299122017964
0.8393725225436118
0.8306013110597519
0.8374988899806854
0.8737555636739696
0.8965696527928176
0.8675072066325595
0.8718535923298912
0.8635635315391592
0.8603950360281409
0.8719228382926651
0.8903869339087506
0.9100191826835009
0.926353934602472
0.9055240818569104
0.9114391245990944
0.9107498920164124
0.8877801227448192
0.8984224106014936
0.8960575716183581
0.8898984943703946
0.8997344037699323
0.9253543823033423
0.9411706578720002
0.9003674972621651
0.9096435832553306
0.8859136664790846
0.905736765690559
0.9131287285138109
0.9239531815837154
0.9068458464476
0.9353516809900915
0.9078549055159575
0.9224673039238073
0.9178512295148651
0.8995690804181526
0.9250052985477654
0.9193955976276825
0.9065516283353555
0.885920891972763
0.9039904371184435
0.9144669053164407
0.8925994599266792
0.8701804001304767
0.8398622527707615
0.8149211266068577
0.8210558663371943
0.8282925061473131
0.794685881950362
0.7952336703013239
0.8049796590963023
0.8186045881522289
0.8290681772736208
0.8276404978090984
0.8502511100559333
0.8512328420225145
0.8181958540395358
0.8208695689603679
0.8184896413114024
0.8291604390795575
0.8014899508324729
0.7894735790670377
0.7945868166250354
0.8054514585396966
0.8069684277539816
0.8071358133391594
0.8063273912622451
0.8064589223019225
0.8244371115294872
0.8360649350286999
0.8047383263557618
0.8036833765180887
0.7944027093356394
0.8024154162778877
0.8185976772028924
0.8058057150272145
0.7739885171674024
0.7712796068744516
0.7668226772601064
0.7571761640682522
0.781412944110225
0.7917233986456873
0.7729637757527507
0.7675843621598382
0.797449738149116
0.7785946898347753
0.7934620712783977
0.7932331107157953
0.7873122704075888
0.7635608935665558
0.7614091073733921
0.7619893527536794
0.8114503981814719
0.8041965380918358
0.7982860766585977
0.7890304880485411
0.7944514915942942
0.7995902775464148
0.8187886587996707
0.8085183363529945
0.8367973360386303
0.8358466688836657
0.8570656179716005
0.8630791208697862
0.8190094597849878
0.8016629013252178
0.803145216280434
0.8262086468710411
0.835572647712094
0.8161495625893189
0.8040571873013945
0.7832115788496377
0.7861966343563545
0.7728597671745936
0.7722039186323322
0.7688564822150018
0.779276337593863
0.7702257799067499
0.7750427167671292
0.7689784881487897
0.7339553914922069
0.7419091809286573
0.7278781377881092
0.7143804597343537
0.7304431114787688
0.7373353692869069
0.752114922777186
0.7588868727968308
0.7934955282512912
0.7834646684552273
0.7554727292694214
0.7684493807998154
0.7510549717659445
0.7226114448575598
0.7403527882263757
0.7286297218402349
0.7331635412957431
0.7320581081572196
0.7319525539457179
0.7558709532332472
0.7903922606781159
0.7843200799694544
0.7916667685427881
0.7764480603462203
0.7531861559900773
0.7375883948428661
0.7580902051440805
0.7486492475966247
0.7774526141537309
0.7809965641341193
0.7641174257419686
0.7841512288108483
0.8118242832895267
0.8087500971738494
0.8148097824169308
0.8032857530302225
0.8159480162979154
0.8074196314657425
0.8203217303978743
0.8437772426648381
0.8222570947234995
0.8105468619614037
0.8295386558357377
0.8064023586292114
0.8285962711950146
0.8241082873499204
0.8236192355903201
0.8152980713422624
0.7935239847766994
0.8181747209478867
0.835809798407948
0.8322305275707675
0.847877750655278
0.8679390635914752
0.8521985338552661
0.8732496908732401
0.8898083823673881
0.8730218963921741
0.886778632672205
0.9165385308769787
0.8966032139092988
0.8744578998531772
0.8639996316019671
0.8606807534257654
0.8793385190163863
0.8915799584396338
0.8830712563469296
0.8837258982867121
0.8628031326738117
0.8563679965695916
0.8551874764988756
0.8572790560851226
0.8804921390911797
0.9063019892765394
0.9081694880102313
0.887990560276519
0.8950381656750646
0.9186895721748126
0.9256616916977219
0.911686329740631
0.8716043973173832
0.8757845199782701
0.894851522389021
0.8936863380818617
0.9449222918132378
0.9381848865136194
0.9219797958474648
0.9410643795043555
0.9288292547474486
0.9397006793530773
0.9375898190582782
0.9267642213132907
0.9350627473732648
0.9509374963439623
0.9619434264864578
0.9247475256339149
0.9179897018048636
0.8948008325551849
0.8720319865282673
0.875187023630476
0.8666414458780711
0.8484729921354738
0.8266781423618116
0.8284319439362109
0.8218642984700834
0.8281999589834332
0.8330401423838438
0.8198199463955753
0.8285768673935827
0.8292442177505408
0.8476855446250606
0.8338747801514834
0.8619275899630394
0.8433492600798562
0.8384575178538192
0.8517590679946802
0.8772738303237487
0.8651845072667991
0.8836861808205301
0.889824772152693
0.868804305178094
0.8822204434808025
0.8836825940483373
0.8967481383243092
0.8841569405749719
0.8577501217722929
0.8422993890546837
0.8534400062852993
0.8428073166446999
0.8483212797484856
0.8472836633424659
0.8394338253807585
0.8456274023433306
0.8459582653774598
0.8660054836995272
0.8708419509829003
0.8579032375556889
0.8584253404862412
0.8406626072507871
0.8514124034893216
0.8533922168291082
0.8624554544323584
0.8726096957079903
0.8830591466831724
0.8641478515885576
0.8895209030183315
0.9151476327487998
0.8889193096300186
0.8666442156812904
0.8523753731517388
0.8712871705962033
0.888636675622705
0.8877159973466158
0.9066743267438898
0.9183554292988002
0.9358574003936562
0.928116911840758
0.9217693670766051
0.9210504792689598
0.9261965107726863
0.9395628012067039
0.9258389518809113
0.9138979645133052
0.9322986024173522
0.9037452484113215
0.9077009800395957
0.9040234857273637
0.9136351077178104
0.8964304897932694
0.8906883170591642
0.8840025374497288
0.883422484830683
0.9152408417255136
0.9114502697850788
0.9375619669012328
0.9291449575111235
0.8974507698651986
0.8814675550744808
0.8980818438895515
0.9164990236942142
0.9003954167634003
0.8872630920136038
0.8710677070598837
0.8823924859670126
0.8745534863692251
0.873446255278815
0.8444791654195054
0.8560131393861804
0.843676034483413
0.8546733830927131
0.8469432317349654
0.8537758629928787
0.873582369645707
0.8859116033821729
0.8655037213790368
0.8528496993411201
0.8826830172096861
0.8741770251045937
0.8937222203512156
0.8950950946181744
0.901677518962411
0.9151092769770542
0.947698687329057
0.9336607592846227
0.9144992421003103
0.9261757068433066
0.9419357188258481
0.9317519116124343
0.9460282060646021
0.960201547257544
0.9387800808826858
0.9351594500790921
0.9117277806986605
0.926115619273737
0.9347018974139868
0.9491504795503302
0.9492283768293297
0.9641229722858111
0.9793721440527874
0.9478191386235614
0.9140352439569265
0.9366973062568466
0.9468641017701784
0.9485890060701112
0.9401033368087471
0.9200291757667896
0.9369498319363814
0.9295980187124652
0.9505424144950748
0.9459120506817311
0.9424218366661024
0.9591109605127849
0.967910792379161
0.9916775982144815
0.972342762098117
0.9809391583294153
0.9938519535989278
1.0014400420830425
0.997334793396179
0.9829285724326727
0.9705975404244233
0.9820337837235125
0.9515948059408484
0.9378225110110995
0.9277009299144392
0.9356629115436345
0.9374047047794781
0.9328351439038353
0.9476588314538371
0.937401101367717
0.9622926134505952
0.9386839185505452
0.9418206364857364
0.9289722264414267
0.9179600901629725
0.9255819972351762
0.9167243424327163
0.9025030540914805
0.9028103068398511
0.9220758666120947
0.9981329834773185
1.0337692722319056
1.0171583447905495
1.0016451906511665
1.000900102039277
1.025807518415536
1.0427649932819785
1.0290482819936617
1.0169748059281658
1.0335574522686888
1.040580496316552
1.038704556863128
1.0195208044557023
0.9969176980347494
1.0151090919272603
1.0272250658295248
1.0258326359337013
1.023358085888647
1.0553615412340003
1.0485321078842225
1.0601182343843385
1.0543939350747142
1.0773471942753434
1.0629505352948305
1.008098959330258
1.0108805805096934
1.004782697626279
1.0143493409804232
0.9950272244766003
1.0102083742156065
1.0175019152699936
1.0315592811792813
1.0662297446168811
1.0835703403214336
1.0609284008691557
1.0836937443338899
1.1035306212968854
1.092310215674088
1.0818056995828367
1.098476585934552
1.0929559991309865
1.078228160659471
1.1049451453501649
1.084770151944941
1.0549053466958425
1.0537921771835752
1.075615585736841
1.0389809586121463
1.0726181068488683
1.0583367288053869
1.0466536895487433
1.060591374522655
1.0557892688323731
1.044149547330774
1.0524851767324928
1.0690696052369943
1.0497554433954193
1.04455344364716
1.0679612360694315
1.0635149424940615
1.0211994501278678
1.0341428457494828
1.037565670401924
1.0386914105530234
1.0738881392224982
1.0716803856287038
1.0559313094793268
1.0423620130198146
1.0360260673254742
1.0495019733894195
1.01725916907692
1.0408237191312704
1.0338166480364919
1.0330531378663859
1.0463077875743807
1.0320919854253192
1.005573415770458
1.0251824378828287
1.0368758895381045
1.0554379585935587
1.0739239582939977
1.07992520348067
1.0844860257275386
1.103779553726033
1.0823787395258957
1.079489999765678
1.0703513470995787
1.0676054306635727
1.0926850124853638
1.0752795023884467
1.0451701305889136
1.0557440544222183
1.0262567820157242
1.0091882744233904
1.030040029402225
1.0369048845556523
1.016498658993335
1.0246577210366217
1.0238205732548276
1.017437811509672
1.0459853724281503
1.0690149773478392
1.0312529665633456
1.046831229675481
1.054933835636941
1.0624719527307807
1.0430311788542739
1.0297896784118306
1.0494721584089834
1.0645905893617928
1.0725258213861182
1.0896444752558048
1.0108233857941793
1.0158016554384615
1.0231364123453404
1.0259967118140099
1.0313624589974353
1.0563508488817202
1.039373758572864
1.028733760797018
1.016741084076416
1.0198914545282856
1.0209398095573599
1.0175207109568174
1.02144403733511
1.0385657456487265
1.0579054660065672
1.0336720944422106
1.0214295513297769
0.9931195280353935
0.9753388928769257
0.9920188522606052
0.9776499643050459
0.9844930093538476
0.95352258014611
0.9618246691148772
0.940650492619815
0.9145951996119441
0.9445781784666986
0.9452797261901278
0.9770806314194453
0.9827320336646979
0.983161740231334
0.9896953304503262
0.9980479746461254
1.0031421577013404
1.0022945596800377
1.0251250941517591
1.0032088631932052
1.010150534564102
0.9851560894365115
0.9954044047192674
1.0261693078235432
1.0450224430936546
1.040835497426527
1.0513681463257332
1.0349157382984173
0.9972634584725936
0.9670972606074534
0.9787402314431691
0.9551599801001234
0.9636429776294402
0.9395477189503217
0.933670641388167
0.95660546156367
0.9813284008868901
0.9800265355729145
0.971129703719482
0.9958761275190949
1.0096004999914436
0.9921477602702669
0.9822097073450239
0.9466528631811163
0.9517814936125601
0.9719423610492472
0.9902565526719608
0.9716268452811243
0.9772621099149612
0.9872498011086052
0.956664507395383
0.9566681523295695
0.9811412178872504
0.9560723876490328
0.9659300445322461
0.9951273652091468
1.0092971773845152
1.003448424016701
0.9992487819904656
1.0268792428841174
1.0104049895768823
0.9781580260919964
0.9780969213649638
0.9455982562836008
0.9394935317318397
0.9221834495988537
0.9037989067404736
0.9102296845275056
0.9114899222089836
0.9243786590200312
0.9426921458105435
0.9620416406970549
0.965540441796813
0.9750433294756738
0.9638928799392753
0.9728489480267148
0.9595452409399322
0.9497409017248913
0.9499850328227437
0.9520950174670074
0.9639845123809648
0.9848828963288169
0.9885463474767912
0.9831919483087704
0.9948086055999383
1.0016152814068968
1.0013581657319117
0.9583097403185162
0.9493969880459857
0.9693351193258054
0.9518321306781058
0.9754227687629394
0.9768344735609765
0.9671857438885667
0.9699137693647496
1.0146110930980896
1.0076698888851967
1.0194020575161837
1.0360467295685507
1.0071989854999186
0.9811914337298633
0.9606172766802896
0.9456493898700149
0.9568453028935185
0.9729914076932743
0.9604111474091959
0.9470488771746345
0.9741040875693565
0.9583254406973606
0.9827244261080829
0.9811504224560618
0.966601927807702
0.9554448276910394
0.9464100507432627
0.9374182099457387
0.9369814171696802
0.96139287474671
0.9627532216160498
0.9618368423565534
0.9774825775313858
0.9508431930401449
0.9697427139588425
1.003221223049498
1.0174679652997793
1.0074505204166528
1.00473191483299
1.0053647339203264
0.9768799772864162
0.9768500155040478
0.9814187945312821
0.9878204328968025
0.9896059456488828
1.0223413897357865
1.003035104945251
0.9973477240456909
1.008212166719153
1.0180993528913158
1.0359137587476241
1.054799888640476
1.0696106770250169
1.0866251473612478
1.0647913319038462
1.0797775355284027
1.0993421544906774
1.0731425342191219
1.0772969058319168
1.0621445576312794
1.0763090230425105
1.0997489897241757
1.1290606611811422
1.1044432517112348
1.0778060563586318
1.0585497563129695
1.0819139688481845
1.0787090380210453
1.0817061713757512
1.0678820839779326
1.0613796321094047
1.0244357458847169
0.9842618979764981
0.9770552855841722
0.971735997474877
0.9486069655371091
0.9573988149871195
0.9401861953848687
0.9319396535511384
0.9415689891243438
0.9415946467466222
0.9488576107997754
0.9719217837803703
0.9615355793960555
0.9795827341120099
0.9662612206874345
0.9820281202258432
1.0013302914959712
0.9679970178027382
0.9591566353868024
0.9381348672182064
0.9340368677847296
0.9400502008977525
0.9506156188243357
0.9790648510060009
0.9577619127558461
0.9567673951977204
0.9504470630146351
0.9571552264480087
0.9636434612912248
0.9717326541907755
0.9759753626551636
0.9708326493147569
0.9710735595192924
0.996957424914434
1.0138140068629218
0.9989261051142245
0.9865781777143446
0.977600033926084
0.9556800448628857
0.9666635594289006
0.9728115123909834
0.9800496800073543
0.9967155689461821
0.9737012072381219
0.9796140051288676
0.9587824872031012
0.9434032006534416
0.9494370882684157
0.9629510829938868
1.0034222615432387
0.9884242403983655
0.981001015398158
1.0058051468471092
0.9991256515134521
0.981368619114081
0.9629445363418615
0.9636037946539161
0.9443604159645553
0.9490591202865162
0.9659592260341521
0.9712456294959391
0.9802739397993884
0.9683929693426132
0.9827315242511893
1.0016740979135188
1.0153684208253857
1.0098609672693286
0.9855420631323752
1.0102328596208898
1.0252430872927958
1.0272866934220426
1.0128744366488447
0.9986837894993262
0.9745141536666722
0.9600941845095721
0.9612555013037118
0.9543176799608011
0.9613013709315841
0.9834853869570067
0.9911838848785819
0.9647435856035376
0.9657780186543838
0.9536919205844043
0.933055461930914
0.948260997301524
0.9739747803365101
0.9907641524962175
0.9789111109188285
0.9554594566547552
0.9355292237966343
0.938905208289759
0.9224409257541625
0.9105630172698296
0.9152507083057455
0.9268573532955383
0.9164911083218237
0.9171202976966812
0.8866544592166198
0.884450585157224
0.8964776919429895
0.8861199522124229
0.8906628130077008
0.8986879537230279
0.8810401397156769
0.884417537255141
0.9036401481626848
0.8963969464141957
0.8895411266810545
0.8759497529811976
0.8687230041054567
0.8685574288498619
0.8638792784286002
0.8524732655690426
0.8620110793321808
0.8544286361752405
0.8845464595218366
0.8708919591536215
0.8509580204319369
0.8613614693610394
0.8818010023389985
0.8687095469239886
0.8714153611217236
0.8667373718671412
0.8520719531591925
0.8636181352726795
0.8504287217569507
0.8297437580904324
0.8180040472668741
0.7976038923274347
0.809749747433397
0.8273922684807842
0.8071992684390777
0.7992779543415884
0.7854402189357808
0.7811471212200248
0.7849558633256691
0.7863126550976257
0.81784798835593
0.7919603680099979
0.801827082463835
0.8118450977348647
0.8370385298212141
0.8229566272596426
0.8120701550171079
0.8156265774810811
0.7989673772481992
0.7763801427112713
0.7520694507592507
0.7675396589147035
0.7555180980610217
0.7611002504582738
0.7676909897679158
0.7499692267237577
0.7761975369205198
0.7713711397472593
0.782710016663609
0.7724603913261368
0.7960997609974672
0.8084447402657678
0.8060372027279186
0.8112633753268089
0.8414579733981099
0.8353812863054355
0.8513459298212072
0.8486000081841931
0.8126776918158982
0.8126887729694291
0.8170846185352711
0.8364251328738692
0.8141025981741752
0.8055635727993459
0.8174620888337805
0.8262016930259957
0.8010696969015965
0.800058403430822
0.8103652440615542
0.8171824899816698
0.8007164193172649
0.77629894965874
0.7876085280961298
0.8066344029480421
0.7971277354851845
0.8194520716650873
0.8252511347323512
0.8163554740898965
0.7826601203738355
0.7864911753944275
0.7622502432024504
0.7671121746124766
0.7828259788272203
0.7848660786061199
0.782253475070112
0.7877470187359675
0.7622095138055929
0.7581402144590366
0.7494798440906051
0.7270293319293664
0.7230627715519575
0.7453815320227779
0.738015889268
0.7354789777832754
0.7729442497458007
0.7899715735540871
0.7568815452406484
0.7517931379188192
0.7509527804117672
0.7524203778068709
0.7438976575020046
0.7447134670938081
0.7595520084580821
0.7570732314653377
0.7427479598692319
0.7494898748661029
0.7304201863683166
0.731146404813076
0.709245959339436
0.707151132226825
0.6859070682681447
0.7046686396946928
0.7118687304771496
0.7081089372984689
0.7375600718338908
0.7254533895651389
0.7341101213256405
0.7459537209348264
0.7670463941396967
0.7834811343921604
0.7870192449895211
0.7927297437730088
0.7979682593399732
0.8156596190689698
0.8083886167131372
0.8131586518322971
0.8151304818778107
0.8013523348784839
0.786581463287168
0.7826231307334948
0.8055118419591301
0.8089757318055075
0.8055364176847146
0.7904490386247797
0.7965410194325734
0.8061659767927963
0.8267958032111424
0.8388244966406948
0.8474893160315544
0.8623597094943706
0.8398941692958158
0.8505496806858731
0.8385648564093982
0.8357363691506835
0.8633177425668088
0.8601135770249926
0.8760883726219255
0.8953450463930712
0.8778209391821885
0.8730967670586623
0.8956623568953399
0.864289127336713
0.8740268536642455
0.8630781752070119
0.8749860279912673
0.8546501912324456
0.8377589923415556
0.8494451661490103
0.831601839138629
0.8267816372547703
0.8332384442156068
0.8402035509604922
0.819028820019716
0.8281276374459148
0.8117017159546748
0.8277987296394571
0.8447830058831223
0.8889155448638899
0.8898882079757501
0.8716489259327024
0.8564124240661208
0.873104385842087
0.8833088024403151
0.8931102300124911
0.8750369682849998
0.8576374872331829
0.8559340116245207
0.8550199349921124
0.8654917912562455
0.839213717190171
0.8316298347029558
0.820521150240671
0.815385152148931
0.827591818191836
0.8349434434051617
0.8263210841172988
0.8239038181665095
0.8448481826731185
0.8504267872360908
0.8369056900940705
0.8463255979821149
0.8408177711821884
0.8102101450543286
0.8205317188997713
0.8466923849938247
0.841291850782339
0.8329492652150532
0.816534109050827
0.8238512813082559
0.8020009104116756
0.7858863687873149
0.788994563206577
0.774760094755955
0.7690426602520414
0.784922054008485
0.7872996602369962
0.7962424537047992
0.8031458030219889
0.805759533878075
0.8060753551395605
0.8123112059533001
0.833270544101684
0.8526094374875156
0.8650902835241083
0.9095762456709102
0.9405230775018469
0.9085576276906396
0.8989006058565502
0.8701117594906994
0.8843317620809839
0.8967810988191807
0.8862994228993962
0.8749884162566715
0.888736858928228
0.8744641778626834
0.872060774948342
0.8868290511752357
0.8928847786103548
0.9054822695468657
0.9112435465549906
0.925263860486395
0.9181330047690272
0.9221530262213673
0.9052347887125274
0.9069455991594917
0.896981306350335
0.9137607188978624
0.9114996619656915
0.9203880682443242
0.9430761939185931
0.9627115126127468
0.9616347443895285
0.959208880543701
0.9238267323830671
0.9187566496134709
0.9215968629333298
0.8887584245724356
0.9003535752131253
0.8810120859517065
0.8649843053672771
0.8697091730578698
0.8892765980658688
0.8721340002154759
0.8574008169594984
0.844654954784462
0.8650548996308323
0.8744345683509896
0.8921592616938846
0.8702491151616419
0.8682847008175654
0.8875935007087215
0.9131478055297374
0.9183606035655413
0.8992463014211217
0.9146109903570346
0.9416425899624963
0.8972788954013755
0.894936157846294
0.9137853901194832
0.9089648698616225
0.9379913276898435
0.9542323952575141
0.9477438037066402
0.9352548298549086
0.9077897962509494
0.9237431401767814
0.912498782769403
0.9228191535938901
0.9086564452762468
0.9201841431821025
0.9329385681163663
0.9300453399903695
0.9602101476700238
0.974990438539882
0.958154394442515
0.9659326899786859
0.9414671088674793
0.9235797202358852
0.9576987656062622
0.9478675523745862
0.9613605779146497
0.9666074509709011
0.9542667016582218
0.9438757728390904
0.9791104471156498
0.9722251243434471
0.9527296665671201
0.959070966085048
0.9814494689017729
0.9978316567564087
0.9832862636103451
0.9744873539797838
0.98612413303904
0.9976287302630376
0.9855661133404777
0.9671077293773939
0.9738095812854828
0.9765349260754903
0.9403849612759754
0.9398534547936752
0.8946542071525667
0.9127774362685133
0.9011112765637878
0.9183350686600212
0.9006121422504717
0.8866916304658883
0.9055340199363521
0.9226485980687288
0.9271235790183134
0.926218065570815
0.9231801235403979
0.9331614140636634
0.9063735258344283
0.8853124606938799
0.8768535040969616
0.8919797014694695
0.8849167042126563
0.8872103276544585
0.8858369719171656
0.8971672538417947
0.8826248987080124
0.9053980580390613
0.9055242099076025
0.9166988143707383
0.9080714095339799
0.9184021912483482
0.9353007416711785
0.9140152154097135
0.9394068152128466
0.9424672815202261
0.9142018307713472
0.8990585404106771
0.8657598277010844
0.8610752453333164
0.8384159056297404
0.8289307386092146
0.8434281265595189
0.838293981635716
0.8517321137247975
0.8410816004902538
0.8548769052201081
0.8382206145855905
0.840731821508774
0.8305849528210061
0.8311778715887779
0.8485822164552316
0.8559594325443964
0.873505710009662
0.8573145052920328
0.8442309823461179
0.8552085430631164
0.8532349288782296
0.863872941472936
0.8848481454098442
0.8611447253598505
0.8801006080933419
0.9071115838397998
0.9127882871541468
0.9055580459869691
0.9046344159344801
0.9229576529864014
0.9089413739143519
0.932887971476353
0.9252655450940608
0.9158274510078516
0.8963272952002621
0.8996736789189499
0.9294297528921265
0.9227050103708154
0.9405485372689742
0.9465724732124906
0.9279947970862801
0.8885456442824858
0.8903387867013708
0.8693739693945589
0.8838942772250945
0.8909113967666489
0.8819429778686619
0.9043960278940925
0.907542660238559
0.8935815359192544
0.8922539168472691
0.8984342579331264
0.8891818837535913
0.8726939957272003
0.875943542149665
0.8727270821667898
0.8980291173283311
0.9227529805492285
0.9107775311946248
0.9213965088509266
0.9409184734237211
0.9354318134198514
0.9029808481701751
0.8963203685443899
0.9024637797909123
0.9123688389085389
0.8970678200868171
0.8792828564356667
0.8839835957590549
0.8506664460693875
0.8481475399621505
0.8612217293774695
0.8703708772329537
0.8467693726037953
0.8500502530147861
0.8395461059131857
0.8275642454247653
0.8376120414680948
0.8528271533191993
0.847611576136674
0.8704807988881301
0.8811661583212221
0.8681066903321615
0.8749264182309875
0.8908696535187735
0.9010314968647002
0.9019688524713674
0.8901067717486543
0.8679291818293219
0.8822793055478466
0.888323218990871
0.8820948867823626
0.8628346835500385
0.8763588171990393
0.899691073956628
0.8866317776670987
0.8745001776621462
0.8508829658437909
0.8511958334747894
0.8722983225917391
0.8706140449922652
0.8635605721807276
0.8632484068003676
0.8672334940258752
0.8743436720744908
0.852996418321985
0.8673108534016374
0.847143373979534
0.8417940420868635
0.8384080607952623
0.8190493918304483
0.8087742672911681
0.7852362396870843
0.7969813600386195
0.8178616338395148
0.827466315846376
0.826291934536656
0.7891284238428489
0.781500983114066
0.7935457552557316
0.8071862160377491
0.7836269479760722
0.7907688749022002
0.7825203201333926
0.779393704794717
0.7645384992255101
0.7786875817089085
0.7792992565220764
0.7722650380353195
0.8116960587652
0.8103706548682852
0.8147926563198926
0.821284303461746
0.8326052984536363
0.8441330510134363
0.8530288108376075
0.8359789646052703
0.835468448747072
0.8284380160033887
0.8152727650906415
0.8193811932568499
0.8355401076827704
0.81928062054158
0.8114049682691049
0.809471177573632
0.8205470986152831
0.8193304303445968
0.7977002032530007
0.8110821877101286
0.8485234983474771
0.853078661923774
0.8653554123927638
0.8832484479007513
0.902524840370542
0.8841944754928432
0.8973774371214188
0.9093145995644974
0.8681150083179492
0.8807716146427012
0.8791596527147216
0.8794592524947275
0.8538280865058718
0.8380463561251128
0.8535373282213693
0.8723705632419001
0.8548691191526901
0.8665531364047614
0.8693968722362021
0.8648486397052524
0.9157089210123914
0.9034787803563188
0.8910996579315336
0.8956654267874951
0.9076955473541534
0.9061053584562437
0.8926271972444283
0.8840774258928824
0.897328889821463
0.9034170253739939
0.9191330065696122
0.9479793229451448
0.9274931115479425
0.9349305588338095
0.9159997277168069
0.9233331974885951
0.9832439844958477
0.9617306745731931
0.9502097037875674
0.9532522595173849
0.9474974058763451
0.934079312356021
0.9515119016051931
0.9673900884141291
0.9500381606697393
0.9372410241711779
0.9505851902521725
0.9670401801136724
0.9311369313433262
0.9153869611816636
0.9226307857982995
0.9393628471427906
0.908672157150189
0.9134929841058178
0.8917359818828497
0.9111542676576145
0.9166716627412194
0.9068921755584878
0.9074625942968712
0.9030785324100992
0.8986940342534638
0.8847259096069543
0.8854710642403102
0.8769335636150278
0.8994300795006858
0.9090162526617532
0.888343010453302
0.8690727362318522
0.8586105240959225
0.876865557942725
0.8717478671283401
0.8668210567456631
0.8959643086801818
0.8944792089650618
0.9024560198590352
0.8874741238440478
0.9132261166183382
0.9243059299178165
0.9287688193521783
0.9346202964166568
0.9471845323011603
0.9455236914172203
0.9837109696090752
0.9579499622976565
0.9338916160135713
0.9328420746813324
0.9132876799252574
0.9178875322099249
0.9544997051228291
0.9700822886210633
0.9389712698722963
0.9476346008598687
0.9515097917665198
0.964454686044599
0.9430867080418832
0.9130740665035609
0.9042473376589519
0.9074663359874469
0.9372852180305937
0.9238604221312476
0.909645066871876
0.9008110623991468
0.9248436776477034
0.9130129537892908
0.8978717904370768
0.8987371601779331
0.9146826702192559
0.9108018186442836
0.9099734691445176
0.8894966473204072
0.8898754387598559
0.916021761394612
0.9267119492039515
0.9441980895525379
0.9371645963426267
0.9396932373696112
0.9432429470576167
0.9325169798433735
0.9281942764763553
0.9427134197648694
0.953520655914409
0.9805264955650541
0.9926088029644102
0.9993254740755235
0.9802944958294764
0.9919878828473024
1.00151492615915
0.9803725711376446
0.9834425090041693
0.9824995210588577
0.9661869469037424
0.9548983539717532
0.9725031942703082
0.9443333571236385
0.942288134015486
0.9565365703419858
0.961985667203831
0.9703795343704175
0.9883005375789261
0.9813879230270564
0.9680736193325693
0.9503239137370366
0.9381549018362221
0.9402809210637539
0.9295152791480445
0.9214222673738647
0.9528982912525821
0.9405396748767958
0.9303357188115604
0.9218547021937235
0.9325809486606341
0.9302267888266308
0.9458039444107241
0.9449241107134811
0.9535154748651372
0.9571864296710907
0.9779657784852761
0.9756122879474429
0.9766633856694755
0.9729544384150571
0.9905873069941928
1.0085612483747814
1.0107402862327157
1.046257813947252
1.0064521748026
1.0030823523996948
0.99207716581633
0.9647112682665872
0.9761053773282603
0.9638058724787864
0.9544034409784259
0.9386561314281734
0.9686215247176935
0.9925235021850884
0.97347925764842
0.9907146901428302
1.0192055771025472
1.0464029034285878
1.0270952462894338
1.006557652807274
0.9771104875675465
1.000561353856353
1.0031191195422278
0.9826037690108029
0.9866690384459131
0.9801708222514377
0.9644764121038519
0.9632642523163256
0.9550230558103008
0.9679489101660047
1.0025128437912332
0.9911490597014425
0.9910953382141665
1.012484790826215
1.0262918093352962
1.0405979149582372
0.9915313634970431
0.957253084150901
0.9855787661498364
0.9707321512055466
0.9803852135703454
1.0124082260368956
1.0051597676956496
0.9983085723939645
1.013198720022978
1.0261078097695393
1.028121195411547
1.0140635216838232
1.012083695687321
1.0252955624603313
1.0128740704471522
0.9941196584807508
0.9802335912585289
0.9856312708676698
0.9918171103488463
0.9820333707822831
0.9995232022350212
1.0010961498482396
1.0025436051979126
1.0082561614196313
1.0273511313105321
1.0103565253936004
0.9992368790358669
1.0041814747407714
0.9695904586832239
0.9855929336786752
0.9963660092040519
1.007067955543339
1.012821393972107
1.0222243462390992
1.011140806200279
1.0043375767725413
1.0192631427787444
1.0317381004988742
1.0410300461308744
1.0450761013856131
1.014610825172786
1.004545189390882
0.9864126525720658
0.9801927080528638
0.9585646312833588
0.9719644601025538
0.9775610608588485
0.9669925621398836
0.9899250712262981
0.9991104993662667
0.9906714204456937
0.9695286355422849
0.9462705678538312
0.9608749946345159
0.9595740671736583
0.9651106572279463
0.9330847709459831
0.9142088804210441
0.9345029265395205
0.9155891879060785
0.8893308149833623
0.9028632149619237
0.9072330489609827
0.9123956493858484
0.9269907263216366
0.9203767034255889
0.9441318563981578
0.9416688777160682
0.9471076515312936
0.9611590740223617
0.9468464869718898
0.9415657319109694
0.9289377540351003
0.9057938136690556
0.9119433303316931
0.9229609626373169
0.8971594728345771
0.8769368236524384
0.8913975467782613
0.8932179389239732
0.9157834276216523
0.9082716180437475
0.9025429361552307
0.9134343081370635
0.932901288472642
0.9247464512816866
0.9333944828195672
0.9267686260053954
0.9551973267758009
0.961425243698903
0.9917889387854089
0.9760383211467435
0.9680791442558051
0.9630868883554671
0.9693312838752727
0.9516342119792569
0.9350201074980466
0.9406289357041514
0.935989384207971
0.9670864452461185
0.9791231414514988
0.9775274897016154
0.9716725785365051
0.9912833030181696
0.9960282049472243
0.9985634130314096
1.0332760692758278
1.0261713916485393
1.0328121876754655
1.007510182690535
1.0112467948954746
1.011202007358244
1.025570884598492
1.045441929647593
1.0520412373283206
1.0611617790313506
1.0355033127409892
1.0173934155423057
0.9967209033200328
1.0013779497320685
0.9813885846847694
0.9712835848831781
0.9909379966584501
0.9857334169104212
0.9720360912126805
0.9574568724831999
0.9670784666306327
0.963911769177625
1.0214581275795596
1.052553371705796
1.038200423797697
1.0243823775500507
1.0303351207881923
1.029379353167029
1.0145671192785661
1.0024434515695235
1.0085800893037127
1.0387173668173588
1.021793610822307
1.0302175294357667
1.0558142226201215
1.067172206465852
1.0736066265917301
1.0992927619066561
1.1045188578900613
1.0914518948861305
1.1308241538374282
1.1262613848342726
1.1007386014486944
1.0736301540801336
1.0767099943256222
1.1014580197244934
1.1106024370507734
1.1083864853548122
1.148292862424151
1.1350694178055678
1.1012948911835039
1.087815815576765
1.090844883933961
1.1197752403157533
1.1291090096431924
1.1173020509284608
1.1062243113996304
1.1080214464341862
1.1417504730062642
1.1182495331661968
1.129613135909949
1.149684923265901
1.1008981008076542
1.1007711139155243
1.0590740874785316
1.0510310509544165
1.0797751467373715
1.050473632942024
1.0339224441623063
1.0201808680032582
0.9933878305199056
0.9791812188007835
0.9983124253290183
0.9886927046695883
1.0018644163231833
0.9787787425034311
0.9844736484448786
0.9987262068836584
0.9685582990938413
0.9437248687738801
0.9550002885189774
0.9689214837078233
0.9815803775602093
0.9660807549655982
0.9584728653493099
0.9730573713725289
0.9766804616884037
0.9757847763690132
0.9991129695173183
0.9878949215940119
0.9790524059014671
0.9629706145464723
0.9867030260835403
0.988499168335136
1.0128506920431077
1.0029683548402157
0.9855219757390716
1.0058965992113944
1.0400563301562058
1.0140589365529156
0.9966103117940388
0.9966170060446213
0.9866826033425347
0.9725552789583215
0.9649913885076381
0.9510600640689693
0.9745231860772489
0.9599966253731549
0.9895725373871379
1.0197552641342194
1.0160265046367492
0.9945391451219188
1.0143423510396974
0.9937749055506396
0.9883737941667845
0.9876710139922228
0.991039641475954
0.9905387821353545
1.0259138257675569
1.0323299271180213
1.0677543641897418
1.0488919045817067
1.034421099145525
1.0354430986933232
1.0115510209419114
1.0111087451579397
