1.1403956864376932
1.1407126323772234
1.1402441331040991
1.1559506182883539
1.1518840875392835
1.139345895640157
1.1523786487596597
1.1908240209599557
1.1993677627054251
1.2070081169798805
1.1993368022024367
1.1830631348367655
1.1777835830407941
1.1663293977794227
1.1986153539693805
1.2065134450531416
1.2347411872596596
1.223614480098909
1.2122770751615688
1.2063126331325476
1.2353917510931869
1.272348169718506
1.2453986415903096
1.2159498001322901
1.2111147393269657
1.1939527278027242
1.2094552153552793
1.1970989536577288
1.185905201250063
1.2069542957685362
1.1773428081184991
1.149106934070612
1.1419765723473188
1.127449898126455
1.1479261363241051
1.1639158489047385
1.1328995329137124
1.1285595597453881
1.1517607259731057
1.127347295024848
1.1141457533440045
1.093918781941649
1.092708906885118
1.0972456438240294
1.107120713577339
1.0913164678757925
1.133485440887779
1.1345700666135363
1.1441294838424383
1.1306920282999742
1.128305690437977
1.1152194774689712
1.1616353226896163
1.1566460105293377
1.1566100758886475
1.138354637519023
1.1404720218303597
1.1321075297631906
1.1574674576112183
1.168383506314118
1.1724434065213
1.194915698206907
1.187095508923395
1.1622170772022964
1.1736606817400737
1.208711339203945
1.20613986676806
1.2133066291951127
1.1737435099123097
1.181714733534733
1.202025826997975
1.207448444425585
1.2318017743507013
1.2213210455788184
1.2570325653310084
1.2526440928764782
1.2157179077786768
1.2198010569520072
1.2456630766960723
1.2287698671256937
1.2286670582279178
1.2149447891705225
1.2164512198525563
1.1908292633935833
1.2089731208235255
1.2299027300203054
1.259750927577823
1.241188611463517
1.1895195960163933
1.1883601879011354
1.193081546884971
1.1960671533859708
1.1921604444592488
1.1980892199502506
1.2164258761537563
1.1892126365687739
1.1681254271858523
1.148893530302609
1.1142599733981275
1.1246571279618636
1.1720439147479706
1.1443204792383532
1.1436530859448593
1.1373079164085564
1.1556386788218966
1.1714081711111408
1.142682599099229
1.1460841407091542
1.1729593872058077
1.1897930446337919
1.1772278759345525
1.1695386328027546
1.2045554643745175
1.2027741079338585
1.1814501503239236
1.1810297159579815
1.1505767925370884
1.1523357659659095
1.1735736714123965
1.1758567286964916
1.1577289994528253
1.1675081403775918
1.1691119594672432
1.188159222444613
1.1422484176204009
1.131721165406931
1.0987110924473884
1.1126031564879926
1.0721766320828414
1.0681335340767166
1.0627679377958101
1.05231391231746
1.0723446671651304
1.0755382539912792
1.0836070530097843
1.0887087450103434
1.0786403203986399
1.0720724983352565
1.0853907629053294
1.0829393336565711
1.0450878008381614
1.0394998548126702
1.0554269817157282
1.0580294612282608
1.0174224604253188
1.019646001030076
1.0067934475825833
1.011824350045133
1.0305146641518927
1.0105921727681224
1.0129966602818405
1.0063188572716673
0.9915899145949141
1.0196722762595531
1.0295581744890696
1.015461306609007
1.0176090236335238
1.0156360997585645
1.009041806912871
1.0156624576199962
1.01702697483647
1.0467986370402949
1.0577142451246357
1.0329500538963357
1.000593075587196
1.022256035133558
1.0420662136043937
1.0376679623221121
1.0460786369979398
1.021680721075333
1.015994067928133
1.0343666786651164
1.0612732073836748
1.05351511265391
1.0843603117518454
1.0805117793014853
1.1031975918444978
1.1262288264970493
1.1080082567452363
1.1082742014928741
1.087313791331216
1.064820935678082
1.071294752636885
1.0928627312968668
1.0650716701734235
1.0756425027646321
1.0983539064073125
1.0703393979121725
1.0368496699974088
1.0499614954235896
1.0694218592778477
1.0700562505078313
1.099774216130831
1.1168152978354557
1.1196043269382714
1.1292544663059674
1.0888242651792466
1.0699645058771003
1.0879348982523205
1.081190260469231
1.0607825845539498
1.0463368303191798
1.071975898788422
1.0878532316878224
1.054470652411464
1.059094030242035
1.0260970266586318
1.0358022973962193
1.004815853494655
1.0195012203214973
1.032443489556512
1.0224223994618047
1.032346942483782
1.0247221053597277
1.0497534043666439
1.0548191982701698
1.0544354060250523
1.0505218535611602
1.0779251247265456
1.0615619130735736
1.0469346839180411
1.0538730179392328
1.0214361805915342
1.0294354303512754
1.0119747350717694
1.0044570179191263
1.0300027185663911
1.0135624697901
1.0120652950760634
1.0310892849017335
1.027487242815408
1.0566228794866102
1.0480435195742859
1.0561478861484657
1.0471425264649246
1.0579907681424356
1.0325285718062311
1.0131453255882006
1.0370574941301567
1.0102719292620141
0.979663988550084
0.970964426128951
0.9753089465095276
0.9673544899590878
0.9581473318116
0.9554437013150903
0.939404976750793
0.940711078538019
0.9711894853332217
0.9608321304582791
0.9774894385927089
1.0025821854577939
0.9665725688699779
0.9549220382523756
0.9630213536481792
0.9772946108616966
0.9360694810971197
0.9346308079814416
0.9302504125764685
0.9148895565327767
0.9070754681540001
0.9073080663991816
0.9066708683206699
0.9158621884244914
0.9463874364786905
0.9545479058246759
0.9512872148687547
0.9671913797360034
0.9572108271426323
0.9440430529002203
0.9374230131773887
0.9593758448807427
0.9908897763463204
0.9802769245259811
0.991098496665496
0.9881322049799345
0.9936631395426728
0.9905854196665652
0.9612284330378392
0.9647194054597996
0.9407644776859648
0.927172307394486
0.9363229142539088
0.9331670337886007
0.9739133690369336
0.9590369781322047
0.9450225750155027
0.958454505455499
0.9598303604395815
0.9746422304479073
0.9964569691116084
0.9914594923605152
1.0113053609350349
1.0280592124598185
1.0146224828625645
1.0308315702509445
1.0444155884069286
1.0423178763079934
1.0298965327001823
1.0285805831494894
0.9972936949691075
1.002927224319681
1.0191219159409435
1.0139340649256459
0.9698626660311065
0.9705527121026916
0.9866008462111377
0.9760952395738254
0.9566731468618784
0.9602685915964638
0.9492383827303216
0.9588172179944092
0.9830952904182093
1.0037308819178612
0.9852667646990891
0.9735098290468553
0.9663206540450117
0.9860763024424928
0.9891540268994463
1.0167207142930461
1.0356548054638461
1.0362943820923762
1.0341740829853188
0.9993659663960982
1.0019529829596185
1.0178951605042805
1.002636699330746
1.0143585455126851
0.9980422560058331
0.986537370301678
1.001286081255542
1.0108113160764878
1.010026603721431
1.0273428893508005
1.0110857219437288
1.01456950360518
1.0318213102997067
1.021681397377544
1.0422785276404847
1.0340419417997664
1.045512377295335
1.03143044423584
1.0462159971799938
1.068520904239165
1.0172142169649818
1.0223746777587466
0.9916333820177278
0.9766286877728353
1.01377123608995
1.049601584114261
1.0532727152278565
1.0216308324546561
0.9935588665330831
0.9954646737333741
0.9906522827612816
0.9993666025774182
0.9850354574959947
0.9927453812126077
0.9713335337128107
0.9575641596410345
0.9616084028619036
0.9693264177156025
0.9511243994901681
0.9489546112771938
0.97034508870476
1.0068091128520964
1.0301867206997042
1.012656560617808
1.045706683416766
1.0287492051527038
1.0160701881771212
1.0131997558013903
1.0375474342131565
1.0531519058019312
1.062930096576127
1.069857266649937
1.0375933412915477
1.0301923845305405
1.0197519852459562
1.0278064097822768
1.0554997127698984
1.0503228352689358
1.0406815638487361
1.0635934066655224
1.059608467465297
1.05966110305453
1.0298648140448357
1.0317855962250873
1.0307432938130399
1.0551215656983122
1.054990893233146
1.0653594715152521
1.078374177041698
1.1036190496678078
1.1253676052514667
1.1047561690778414
1.0741703051080829
1.0880107941885646
1.1054768509791475
1.085804459269204
1.07719035581666
1.0662892074898331
1.0632291408041397
1.0594787828837833
1.0270489142232733
1.0290599483423248
1.020797758927409
1.0379653106789948
1.0313874705801513
1.0248933175182864
1.0200201354675298
1.013647844464967
0.9936562228676802
0.9774358506489278
1.013211947726891
1.0484531359579978
1.0691834558537952
1.091522583332388
1.0712942675447361
1.0797160472901084
1.0652283920915715
1.0643819996876187
1.033007521838476
1.0328320513666798
1.0357584270696731
1.0542847194340466
1.0301917818702628
1.0301164023651133
1.017740370408634
1.023703225558478
1.013529940350819
1.005238097382043
1.0038047281533622
1.037302856436204
1.0604003418003
1.0423952611321976
1.0497074401562836
1.0664810927070045
1.0558787975359105
1.0452906743194248
1.0441582185802618
1.016046031376521
1.0024028464022228
1.0117568483471862
1.0238449511258874
1.0615891563121547
1.0601097185828479
1.0504965462386104
1.1075844964718098
1.1109650725969924
1.1062132948406898
1.122565451178981
1.131737507981776
1.132287936737125
1.148343097375609
1.1440108131165936
1.1068343951537143
1.1058423113978015
1.1089740033310214
1.1249249452845331
1.1121084237503134
1.1242919994671665
1.1418318805337209
1.1111825496062735
1.0802209240319023
1.0857867398101315
1.0870295897598103
1.1075966647862028
1.1193674511657856
1.1110274104495828
1.0844500554343184
1.0842888896084169
1.0991711315140158
1.0891024585388038
1.1061997120398963
1.1039852034628215
1.1139627524253042
1.1390926865155966
1.1484429302183075
1.121419620333797
1.086356343499127
1.0699092634052558
1.085942955125573
1.0690574880265689
1.040621990901258
1.0547633611140628
1.0577743529265962
1.0621787934644915
1.029521510220447
1.0237341644781455
1.0118022751895335
1.023339577137517
1.0452753072789358
1.0634374696238296
1.0466075866497346
1.0519495826727856
1.0819568797497958
1.08150190376826
1.111128286105487
1.1046776438419754
1.0862337891377483
1.0826619350071134
1.1114955279922398
1.103708410781052
1.0814497331984745
1.0898392192866342
1.0866441187750182
1.0769223936111945
1.0631198157845403
1.0414667706850063
1.0684329872104865
1.04869167898163
1.0803702940092546
1.0827173511152757
1.065758970851861
1.0568980847364724
1.043976298408694
1.0614422566517174
1.0522738617231766
1.0535172163563251
1.0456079203102728
1.0146186060967548
1.0383581691337378
1.0385144928062569
1.0255142688837167
1.0183206906398534
1.0039114250731727
0.9874891235332718
1.010437399732
0.997726609989797
0.9998239158527805
0.997755614313033
0.9992514217302109
0.982979950329272
0.9793654665221277
0.9796810038725573
0.9988631900012331
0.9988061496574753
1.0030637909624278
1.028420827922405
1.0294940251261973
1.0613104760044603
1.0477933499620078
1.0105947288043833
1.0303775803730784
1.0230181550392934
1.0427190538351216
1.0533657612013387
1.0245190960108446
1.0363778267986854
1.0195298583126953
1.0124244325096818
1.0107148473984326
1.023774100820358
1.0437744689374469
1.036395980453896
1.0243287829107273
1.0141135061114694
1.0075556517824105
1.0035269923063972
1.0161516110334472
1.0030611401360023
1.0335931154093747
1.0568081010655956
1.0568613326700698
1.0491016634872028
1.0629541373291658
1.047188754959792
1.0467035885655318
1.0685897154401232
1.0628797850253815
1.0789380495820113
1.0463176169810646
1.0579236857249539
1.0630863958416361
1.072351699822712
1.0913107164732292
1.1191285556955664
1.0891954713714749
1.1080417391516297
1.0945402981030055
1.0814459665669378
1.077729458378876
1.09040956470325
1.0758264180799082
1.0866248621198842
1.0831639338912564
1.0877164603091733
1.0661409401633557
1.078013124371679
1.0965100250895747
1.072623618781991
1.0749966617475708
1.0619032992780777
1.0532616222392504
1.0447051491387724
1.0654525015024359
1.0665413500828032
1.077380011038013
1.0597413476861226
1.0601483488259196
1.0356481398833666
1.0584621249771795
1.0370367038141395
1.0305191822973863
1.0463585235010144
1.0505705986106757
1.073783360569428
1.061094792394566
1.0317079635456496
1.0513262061911532
1.0604363115747255
1.0532047882359332
1.04224516873663
1.0267830065565269
1.02863447241622
1.0306367521102613
1.0149981264550745
1.021188850142347
1.024693321459647
1.0061665656603274
0.9809133572955918
0.9742539193339789
0.9704466650249759
0.9746138323194856
0.9813495461797043
0.9875334845946542
0.9634341109667477
0.9544271144205854
0.9528641668041717
0.931198158867083
0.9282418810353695
0.9419077726999475
0.9664451434347997
0.9738766820220806
0.9723153279818434
1.010466916827454
1.022195302167139
1.0143895187542107
0.9884636514569936
0.9766062259684762
0.9600289349420909
0.9473865435330551
0.9387009990503131
0.9563212637878487
0.9696001248201496
0.9432864350978271
0.9179496193688106
0.9239122120487775
0.9051297768599972
0.9061998433428464
0.9066640004435086
0.8763220084977169
0.8616134331551988
0.8909632260489357
0.8889139150986453
0.903810821601297
0.88969304860922
0.8835868372212444
0.8829336366854731
0.9067479249496906
0.9128065679764507
0.9352258774144517
0.9195384176317161
0.9080950369861546
0.8928244563364598
0.9295544224826153
0.9099934831485238
0.9199647473543281
0.9224477485960753
0.900023136171286
0.9068228229835116
0.8512091519565308
0.8497682714412227
0.8673862635414105
0.8691165154798175
0.8753416681738041
0.866935305695765
0.8866810204354768
0.8817630013019973
0.855876138207311
0.8662037686628453
0.8643661412097238
0.8567913407646169
0.8571622549721684
0.8835606320820862
0.8991481311791225
0.9012280923265897
0.9101413570313425
0.9167120877402052
0.9241058040703377
0.9069017142191005
0.9183163652761142
0.9221273207875907
0.8963720001106679
0.9048693929002541
0.8900082782831872
0.8665953818529402
0.8590790834145527
0.8661564976135239
0.8884511403824924
0.9132823959143042
0.8974584103041539
0.903517212856471
0.9185338557540734
0.9318142932820077
0.9315871737097077
0.9254300268084035
0.9541909950020993
0.9758104952276548
0.9526098105452645
0.9636005364824601
1.008618061127548
1.0105256144439991
0.9865974081310839
1.016110695350028
1.0116413367934278
0.9805510877404996
0.9820107762711304
0.9676511370456897
0.9671201273417601
0.9541294172828673
0.9351548153910985
0.9459995132988239
0.9263105165228421
0.9175054767354658
0.9209644156494073
0.9279449735105617
0.9537841545346457
0.970396964451361
0.9496336368819241
0.9541468031560802
0.9240738251522407
0.9389722313869295
0.9354590746163629
0.9234665898170504
0.894536657393526
0.9106845437357004
0.913730019995346
0.8944012501439977
0.8778278770166984
0.8621988465881437
0.8550814880227813
0.8800646380692889
0.9074569804527669
0.8749123873256255
0.8689473617441261
0.8814200127800941
0.8968749539364833
0.9276812133978478
0.8948249677246837
0.9014028974075109
0.9030059947521573
0.9063486841430413
0.9292070555326701
0.9225854981718282
0.9523400516718542
0.9487347765220043
0.9415314356364225
0.9393304181006382
0.9454666707493735
0.949517228445316
0.9166120251435002
0.9225364632960338
0.9273577532385251
0.9161812308162439
0.9168135359185268
0.9085983644393735
0.9551004732225962
0.932895641738322
0.9492196821138277
0.9581950134689581
0.942079937679654
0.9138769009304154
0.9018527155743623
0.8648013978692908
0.8773985456547678
0.8540644340499915
0.8523604938031265
0.8448524832504841
0.8478094146569614
0.8634405526293059
0.8718617624055086
0.9156552996641608
0.9288948835350792
0.9160294531547277
0.9311240144941104
0.9364263293914025
0.9016136966775609
0.8895788916056053
0.9076556008042851
0.8861520912837405
0.8587808755360491
0.8749622247982183
0.8918739878251772
0.900759275413124
0.8776067764679183
0.8609795697003209
0.8690641046294794
0.8449413035172136
0.8296310709825823
0.8318926617987022
0.8161865014046114
0.8156564692718664
0.8360963194374256
0.8460312590473774
0.8444041549972446
0.8663907705884212
0.8670870694358958
0.8274196882869314
0.8251061626600249
0.8375604097243445
0.8785609439157455
0.8708880911185768
0.8680631529168216
0.8571872722290645
0.8627263577400889
0.8791642577276836
0.8834113877987699
0.8867686336834256
0.9057026708841898
0.9113492105230417
0.9299224520922514
0.9355381760572714
0.9186314636409889
0.888744387635653
0.8465130348631238
0.8644291645610717
0.8546244559324274
0.8600794533325424
0.8640325069104611
0.8647610289119022
0.868880053292495
0.8675733656750921
0.8822141771046136
0.9109104099448168
0.9208416283275235
0.8909038186864593
0.8844722633911665
0.8709939703735369
0.8447068015370296
0.8553605750375135
0.8415732918390206
0.857604725929269
0.8598912705943421
0.8586964445987053
0.8741805213772399
0.8610863475887187
0.8521808981165839
0.8560801590554052
0.8273239755513015
0.8227722244731858
0.8136988723566818
0.8313732297654473
0.8160683343591096
0.8402790715089318
0.8700588451005956
0.8528493047847299
0.8542752702885159
0.8362507800094934
0.8654397951044306
0.8532508542968611
0.8637139162900537
0.8409552341031602
0.8266818676135096
0.7820685884650318
0.7854370845332241
0.8047202015185847
0.8155927932448734
0.8096112450377491
0.805997477071809
0.8148080327068215
0.7880526562356455
0.7702364353413463
0.791599871447706
0.7942826030244946
0.8186270278351698
0.8037867682929262
0.8041331861562289
0.8064347501153809
0.8710200425672576
0.8620742219433691
0.8548845577593239
0.8499588500408676
0.8401898562219118
0.819661196187208
0.8098273250397252
0.8232591815183805
0.8197131141706545
0.8078033562060755
0.8294929437135947
0.8186690588699637
0.8317900446408344
0.8276363289992344
0.8558633670183582
0.8449321751497766
0.8339093366320633
0.8205931778202793
0.8514493374013106
0.837208649806212
0.8352943660674372
0.8444773541619586
0.8172262681221444
0.7913492909136817
0.8083845346037593
0.7911926207212812
0.7868294933076578
0.7724297363580683
0.7820704277619474
0.7741428330994653
0.7509060825725252
0.7447195246244851
0.7361356561135664
0.7442035327169372
0.7514198696463139
0.7618187310990107
0.7728008312443678
0.7760280648757147
0.7656549817465972
0.768632955550505
0.7653214426401882
0.7726172742395631
0.7922669180962285
0.8045721397958371
0.7932873166395554
0.7869417614709648
0.7951810506823596
0.8105564319164223
0.8232050575869071
0.8149075780663756
0.8093603703387877
0.788712274331651
0.805034338220582
0.8050253292566858
0.833802343186294
0.8373044695336647
0.8061882790936323
0.8036592050361551
0.7931717436274804
0.8010692340132903
0.7962572760365919
0.8097921042661926
0.8104140227647337
0.8029826924748931
0.8161789900746224
0.8192252487055705
0.8521146326640798
0.8459279312659964
0.8601337411586711
0.8655658696091153
0.855487456674466
0.8359663536819877
0.8444905548934267
0.8456209690818399
0.840345281926599
0.8366033858340343
0.8462890535726779
0.8570785608320746
0.8540173767250379
0.8606383596561599
0.8960167150860707
0.9141919088437587
0.8916484287865396
0.8849700388868633
0.8691787300135254
0.861215930515296
0.8689970180342904
0.8868676930545769
0.8654078330524487
0.8494672143688101
0.8706080569002409
0.8724143183860121
0.8264974269619481
0.8240404957787498
0.8400505731381458
0.8390249697230598
0.8233525290188458
0.8275997376643687
0.8286394329203661
0.8221243363883464
0.831946409709184
0.8468636087576329
0.8633256645742641
0.8476126411520772
0.831199632264157
0.8388841488694317
0.814878618611331
0.8156461735510471
0.8252122458516777
0.8404847316936637
0.8570580629999169
0.8647053694135116
0.8832005026672889
0.8876697543641507
0.8629885580928781
0.8667365643249838
0.8872882799897792
0.9137038674921302
0.9084834332274315
0.8948778382658528
0.8743919583016625
0.8666542311054135
0.8740078645625231
0.8544724716546537
0.8655338663832255
0.8832034961866596
0.901499326188766
0.9034945618900277
0.9342883030250027
0.9245847585608588
0.9381517589444297
0.9465214218448723
0.9131666816292294
0.9136886707116443
0.9185335630689778
0.935265261506032
0.9338121635174271
0.9114700280731258
0.8960567803268782
0.8688534325759347
0.8414267660464697
0.830244448483433
0.8597862213892655
0.8360536030710245
0.8209670557903442
0.8054310458062712
0.8263991066824837
0.8260004812512991
0.8219658447230512
0.8134980288190872
0.8422795452977567
0.8510840702137997
0.8271125035327374
0.8053253633138304
0.8117228708599833
0.8248710024430497
0.8163533889608362
0.7866368963572941
0.7563508387901391
0.7661291285403109
0.7764033038990442
0.7799881203185564
0.7722036524635016
0.7585201690580698
0.7482341018244931
0.7440956839469572
0.7371026513332182
0.722599274133614
0.7406793712490194
0.7569621417557322
0.7324408328180632
0.7452589060412527
0.762996390614804
0.7612582644244386
0.7709706236116384
0.7501946925268279
0.7482266726616303
0.7430560843317668
0.7288544879778811
0.7415061652224275
0.7312988571950647
0.7320724723738852
0.7467148405536681
0.7555426202160527
0.7839307605875969
0.7699700782431986
0.7819233868260402
0.7608194156301403
0.7453878673968339
0.7548451618176879
0.7615040611221822
0.7828326756432442
0.8039315432920603
0.7974034700161976
0.7983140327638383
0.7833481831992193
0.811963242698083
0.8248677768485259
0.8241157193411726
0.8248640407545549
0.7950065152716215
0.786928664267573
0.7981916585630217
0.7853774726233742
0.7674980382805168
0.7947632142066404
0.8035965246427423
0.8015712767014517
0.7972904856864294
0.7836948138818484
0.806897138607974
0.8313429987228065
0.8152795062918293
0.8223889568681418
0.8249877038050888
0.8418869847040829
0.7961510320292114
0.8010567337321938
0.7841203699879529
0.8001370871953069
0.827002706201233
0.8194551353209103
0.8183996809268543
0.8194159768752555
0.8430201481109956
0.8563055001373165
0.8340714286265589
0.820418433587248
0.8654562460908192
0.8695778738009171
0.8456731526690456
0.8385953157043904
0.8435197229925747
0.8182301083010042
0.7998037213084274
0.7997245967708856
0.790484142196322
0.7727714384172708
0.7963975639350426
0.7726342639346808
0.7826959129458866
0.7884214719767264
0.7691165654718314
0.7638184759839092
0.752323464439087
0.7695552622347939
0.746684328654244
0.7455339126475828
0.7322992459258497
0.7208632414760356
0.7114918401681154
0.7109635920590358
0.7308065473625811
0.7438208837795458
0.7319473770385658
0.721866071626154
0.7176539794719436
0.7284704597163729
0.7333793750820893
0.7517208786721674
0.741844264825646
0.7298269977969292
0.7632920977695837
0.7784256850207405
0.7803111582782327
0.7996455137857126
0.7790804866985607
0.7802285143799352
0.7557538070353657
0.7513358343700092
0.7522336174355937
0.7671046526022733
0.7362848133180544
0.7169246877269431
0.715018196308549
0.6969892452163536
0.7139123813580944
0.7140114224431198
0.7035839700727176
0.6894387279445182
0.7099669642036353
0.7037077243288312
0.7127510203415578
0.7238436280808498
0.69938233954281
0.7180036886554749
0.7248289670112292
0.7219423139790693
0.6762175392413299
0.6716405643068257
0.6690250840511324
0.6807159673335443
0.6583951901898702
0.6612047703877344
0.6549518990788239
0.6707704575935738
0.6819782587669299
0.6873736745398628
0.6875429311870225
0.6698481961028881
0.6834870086837918
0.6648431544048692
0.6908365197775173
0.6813791473583477
0.6800564628109128
0.6810728394480213
0.685591161518166
0.66801647032853
0.6793762062653792
0.6985364824233501
0.6890874520234336
0.6904688169548825
0.6856405739889561
0.6798780908289749
0.6965975110878821
0.6963346719583368
0.7042370804261118
0.7055198474822528
0.7180041419360125
0.7111017060739859
0.7112477756789363
0.6952119883110213
0.694063651839381
0.6782568657528198
0.7119615659532188
0.696262746241213
0.7187884993698326
0.7224880788256922
0.7423285791516121
0.7331109421981792
0.7504271376613525
0.7495168663133502
0.7445475753088724
0.7327311008198754
0.7073076764887128
0.7061996861666542
0.6985449011838445
0.7205908767604295
0.7064911896721204
0.7084285799500318
0.7251895227150589
0.7380879933486509
0.7677284774449994
0.7661726213282597
0.7634792140670219
0.778751146498421
0.7954946077633126
0.7756048337489808
0.7734082017964776
0.7603049290000727
0.7714490102805414
0.7709108206361115
0.7533955536976465
0.745122977884829
0.7819381939459737
0.7833738317732373
0.7878378361805937
0.7845200149854066
0.7952804561015245
0.8047972407815444
0.7775633272333402
0.77808583743368
0.7848839596390415
0.7718224161103335
0.7458694768695654
0.7293219120679346
0.7376147528928907
0.7274757407327009
0.7256044759590035
0.724997977405617
0.745309169990627
0.7353677354913701
0.7462048407046439
0.7498393921673467
0.7680344088007911
0.7430507965073707
0.7556917746118771
0.7638667174138939
0.7574988364872314
0.7466437878335844
0.7443322521818558
0.7309988398067473
0.7269674757968487
0.7112690364963986
0.6973639783545555
0.6993533772713307
0.7201673420399959
0.71147028665971
0.7107747539295063
0.7023470461720784
0.698672069922069
0.6982426628670113
0.7308292396741016
0.742389384818285
0.7212717224860403
0.7369104659107167
0.7113718569082361
0.7243900130646899
0.7486791950675034
0.7615039439142932
0.782176255677163
0.770824397582479
0.7694064889683321
0.7876411521442197
0.8233350108213723
0.842688943367661
0.8381047342574848
0.8187734159372204
0.8263263315756466
0.8155074372949156
0.8444816933057798
0.8441430643123073
0.8690870051639908
0.8609017677490827
0.8582665377410366
0.8593460246536405
0.8647871800191539
0.8431554480273089
0.8411695382771118
0.8197838663831323
0.8016815053159162
0.811631913203529
0.8347592960659294
0.8246294386425891
0.8022899807354114
0.7720204826213283
0.7830900994459744
0.8028247319093038
0.8194016545262173
0.830763760853596
0.8306667982107429
0.850672440540564
0.9072726370010393
0.8990053913114271
0.8933478705888088
0.9050390229952656
0.8699407356417074
0.8802619555151326
0.8837443376830095
0.9019968910445114
0.863554314712671
0.8521609042195722
0.8527226595227022
0.889997799575034
0.8812761313592065
0.891158402639013
0.8752576529326273
0.8528688099628543
0.8292926817070542
0.8490953938178036
0.8244506822385671
0.8183373412196098
0.8541051015736151
0.84710894549812
0.8411900686138586
0.833365693177241
0.8532695113315013
0.8470428671607393
0.8490897487840134
0.8753736357588789
0.9139995704922214
0.9075860163632105
0.8931358806848725
0.9012056224156345
0.8889429025303497
0.8668792370494462
0.8433365376319947
0.8529912292816699
0.8578528005562467
0.848249550446569
0.8591374029422946
0.8653237366295096
0.8414611796512009
0.8514319742605183
0.8337347394470344
0.8176244559816328
0.8153189644359875
0.8249240166226974
0.8138787996081394
0.8125237259962124
0.8060613662393068
0.8110884814412135
0.8006197762515138
0.7990859602385231
0.8193282236205697
0.8082193201361927
0.8038945301178282
0.7993580465820045
0.8154624958531468
0.8174327004776533
0.8258701050626605
0.8346839318715228
0.8423801127286058
0.860427816172119
0.8664697429918669
0.8722624419037375
0.8539378186175652
0.8324285974275922
0.8511751726048922
0.8579020242582531
0.859616785317391
0.8816316825895412
0.8910492165192541
0.8797241193117415
0.8871721754656954
0.8729350830481353
0.8793209241792033
0.8685472917666965
0.8628457299127461
0.8541574917946666
0.8562941610813332
0.8705440488002867
0.8833527384396739
0.9156002752394992
0.9338029654603749
0.9111180487460261
0.9050251613051163
0.9038422750844224
0.8997223851212728
0.8755083182279797
0.8817561906827301
0.9046618278022935
0.8887159615618395
0.8808074532471163
0.9089680775132567
0.8890778172615971
0.8970802887132849
0.8639928238737029
0.8234446029771715
0.8407253282313465
0.8545288215091489
0.8224526847798029
0.8076025158268907
0.8223881635343316
0.8142286100522245
0.818485752094322
0.8071344386452438
0.7970633866468875
0.783714763991885
0.7709934152878529
0.7890765661077579
0.8032786492313542
0.8105883641926246
0.8024992786909126
0.8014183082911809
0.794918457849884
0.8003093431168031
0.8026909141040325
0.7958843130151065
0.8227125694566612
0.8239097619238587
0.832456813670921
0.8218616538704846
0.8110996321247048
0.8175008567770456
0.7944737999651794
0.7977787548940971
0.7800710135987793
0.7849654393431811
0.8037948909035546
0.8232175361051229
0.8271847689786834
0.8405989962666485
0.8463106258549311
0.8359224366684215
0.8490602337589344
0.8497846461354084
0.8622571418902903
0.8383265062017549
0.8483958057886327
0.8234110229138806
0.8328257206563559
0.8307946998539107
0.8466818207260594
0.8602382413083416
0.8580336333923658
0.8682385091904795
0.8554697134223032
0.85743255746398
0.8376696979818105
0.8379957350410298
0.8449195107257066
0.8115596388525059
0.8129955944707145
0.8475590895003843
0.8509852079443894
0.8558688463249261
0.8531881147444973
0.8461246585014831
0.8242323284347783
0.8227659902320692
0.8249699368998321
0.8232932616724057
0.8442899607597922
0.8575725042786042
0.8619359407965062
0.8841795135422028
0.8716459323960636
0.8622661375240118
0.8355418058770776
0.8360635966412752
0.8414269879766012
0.8216771060820497
0.8024728487846522
0.8007038237649017
0.786831473475244
0.8101043080277596
0.8123325198424584
0.8258463326825674
0.8088205619469596
0.8263800294140711
0.8209281098552497
0.8460760905868224
0.8411669615590907
0.8355448150443847
0.8200165021322895
0.8326912887284705
0.8534630805714494
0.8488652685244652
0.8393539342614919
0.8816952879844822
0.8747285651468324
0.8732073219791342
0.88707842079627
0.8886427023131546
0.9116039271028255
0.9240617857118618
0.904241335255451
0.9100652104068468
0.9233972159758423
0.923784788603087
0.9324624745734094
0.9141963608697081
0.9236723055235122
0.9375180030097967
0.9156848709131232
0.8988030051658781
0.9114652547726857
0.9056844385881977
0.9280234349844183
0.9148866646245116
0.9065027330391336
0.8997952535610032
0.8966478063000849
0.9337308695958769
0.9250601562417646
0.9085698185997068
0.9144179817026985
0.9235798388916557
0.9236201193920777
0.9141316612456815
0.8973831977584179
0.9151906297095802
0.8988738442180351
0.8794087073902404
0.8945877312683592
0.9213346033205081
0.9415377062479547
0.9206259971771011
0.9242640450284155
0.9592806784024992
0.9894425078634641
0.9738706345648815
0.9858280422234119
0.972352819975284
0.9782939663380515
0.9915739080077293
0.9931110688539118
1.0138106414125967
1.0061927443380294
1.0268520045619551
1.0009815305751832
0.9997240390953477
0.9797393052633326
0.9682109655983034
0.9612524196494954
0.9992900938642535
0.9860149565220235
1.0071661151233817
0.9949393595676758
0.9912656994499354
0.9819533204722706
0.9752356959267438
0.956828117564886
0.9410995385772923
0.9362139430399503
0.9468079982916678
0.9548442053951389
0.952905669945083
0.9364181027710696
0.9304394203249763
0.9361296045960754
0.9468914410266478
0.9556898846527555
0.9395757565227185
0.9575805247267
0.9386226822052557
0.9387668580482973
0.9258396265667554
0.9316290322826527
0.927124499845069
0.9111680729920987
0.9278053927048218
0.9458377657539961
0.8776086545999645
0.8860797052226881
0.901990953823896
0.8948387613560094
0.9010747570649806
0.902109583384359
0.9089855606453372
0.9100076932515665
0.9214853033438847
0.9009931703786298
0.8825306605523405
0.8916906189198439
0.907447373102428
0.9042859948152403
0.9094381097160994
0.9052842574654033
0.8635434165002674
0.882648725234602
0.8816148070233657
0.900450235129785
0.8653045333144037
0.8724814643476719
0.8864552198694059
0.8673192573246258
0.8703167303956644
0.8827449690454416
0.8997903297846106
0.9246360745823589
0.9562386302126725
0.9431940340231502
0.9179802033660944
0.9367308746288493
0.9235488494766814
0.9388657095597293
0.9438818586245655
0.9597506362670792
0.948616108861259
0.9230443562988989
0.918697163464613
0.9283579325090335
0.9213245731852364
0.902067119051432
0.8956165841281604
0.9041142635979598
0.9159071567234307
0.9320987861062158
0.9103979363833453
0.8848813148813336
0.8658268129301067
0.8657487596474436
0.8818587672697644
0.8759667820950271
0.889729942788135
0.8698781452220596
0.8636729484958435
0.8838952587624558
0.8975371691214469
0.9126084609720919
0.9034508680059723
0.9116228189971801
0.9000493511283325
0.8695670475211887
0.8801701507992451
0.9053929874928194
0.8977298416658134
0.8763281299542494
0.8744178764522001
0.8613767500041296
0.8402231877195538
0.8529181790319529
0.8622211141363131
0.8772884056534986
0.8639343353114537
0.8273799640266895
0.8056481334292437
0.809948656924159
0.8098464267652548
0.8021131254993391
0.821222830096204
0.8287906263032282
0.8766668863680703
0.883983145283371
0.9083146084611046
0.9218740819239359
0.8965650915417129
0.882573697654674
0.8989692850353969
0.8847880298778664
0.8788124401914243
0.8772972373726277
0.8808958128523705
0.873616592906101
0.887220582187653
0.8776450959307875
0.8698961692679351
0.8690563319099823
0.867759806129605
0.8775136649582362
0.8644493354727711
0.8585890106267526
0.8645056281919526
0.8794540935292592
0.8747069021350575
0.8828782912244987
0.8662738659233432
0.855922098767844
0.8517396191947806
0.8477901963274305
0.8285817480242598
0.8287528467412847
0.8486315058647164
0.8332510526817563
0.8184485458935905
0.8242917258443728
0.8174459393711909
0.8363120972061275
0.8404341150593926
0.8619125598161148
0.8479106808459489
0.841458741608784
0.8193053107827302
0.8135674934846227
0.8340813016097952
0.8086174934420796
0.821560090169349
0.8437456862916165
0.856713521633564
0.8606329842849354
0.8371553237824694
0.822931437566634
0.83474244094086
0.8350381847409823
0.8640946315787471
0.8628795201621992
0.8626033613352357
0.8580573276765335
0.8531780097955556
0.860987462814123
0.8591609022009561
0.8699261191864119
0.8706052615270066
0.8976548043251205
0.8749093236678681
0.856907170388919
0.8582640647969804
0.8668152994735988
0.8539340256684075
0.8572588894328248
0.8943472245884432
0.8733738978168053
0.8691657108673685
0.8693833765582669
0.832799124754193
0.8330863506197375
0.8528101289844942
0.8580338367995063
0.8522979428797743
0.8459615282519777
0.8482595105941348
0.8535723427968012
0.8283355837289416
0.8396835779833716
0.8573086707443581
0.8616487207940855
0.8333822529794113
0.8326520671663
0.8465188459072143
0.8212075995265895
0.8154888815183416
0.8184195666323724
0.7924434938431487
0.7946622040670576
0.7710517094615059
0.7526865730376893
0.752079099292431
0.7615509799745833
0.7534733351114217
0.739395862732418
0.7586081403308267
0.76585521912201
0.7544419773932011
0.758963923128969
0.7458118250628687
0.7532044133886137
0.7262308018164815
0.7373231404495654
0.7484797946672608
0.7527107185818939
0.7631811993466118
0.7583863500612247
0.7583235463748038
0.7752399396832171
0.7885776413924659
0.8124104371476248
0.8246165155438032
0.8284098883578691
0.8217195615157
0.8409058460614796
0.8076551674302372
0.7880079940031766
0.775092747205977
0.7724289882569736
0.775905502169249
0.7777789892351739
0.7715113967488185
0.7973396246194554
0.8238164139233306
0.8381507373368969
0.8719931649307437
0.8678800863108436
0.877211544175709
0.8778210741442487
0.8893390230139739
0.9189938221042222
0.9338628838392993
0.9457557449512992
0.909659566487109
0.9145442287200095
0.93470043239612
0.9247523823931539
0.9245663913288209
0.937739881751475
0.9623855643869568
0.9659707845862794
1.0004922182320934
1.000092734398859
1.0079615291105304
1.0361327121751014
1.001149566645067
0.9846819169705557
0.9925941551160997
0.997818064218633
0.9768138263672627
0.9812266733993986
0.9530897839947587
0.9588493929014528
0.9679220212277607
0.9555782363427501
0.9698365920218629
0.9749734746555324
0.9642681909569996
0.9455777302696043
0.9314823479685808
0.9212055941936108
0.9003081302679516
0.8969321230776677
0.9065688757706089
0.9284325287315468
0.9257356707025173
0.9211661969107849
0.9399158319223891
0.9576364642432673
0.9237751973604897
0.9131702972026832
0.9298299611993899
0.9294647274521074
0.9658147397562188
0.9497209402352165
0.9702398337609023
0.965480683339224
0.9586103250330027
0.9586719134424764
0.9446218640579568
0.9593069676875701
0.9359352187977024
0.9340470803467175
0.9301271543922116
0.9345637607435733
0.9319260711872308
0.9529368177290916
0.9348584151073598
0.932270512424198
0.9501896713961667
0.9385938436025151
0.9344224082938053
0.9461400468188151
0.9579312690628083
0.9678933126501424
0.9657128840399685
0.9510628529514644
0.9447807233085707
0.9414053919720645
0.965475830957276
0.9751922920161872
0.9489967525120367
0.9567088499576984
0.9613903224198759
0.9549563962463059
0.9770667285891935
0.9873983847322655
1.00450536021713
1.0078192590761552
1.0438721815027951
1.0439461624783049
1.0268849664696522
1.046956136954246
1.0264470246779949
1.0028182134308394
1.0101391183594974
0.9893935922936998
0.9665283703529298
0.9807103760254876
0.9990355566141512
1.0055296670502434
1.0062019467604575
1.0186052895998399
1.0302229071669973
1.0185802936527746
1.0014205261543458
1.0318537999115023
1.0416742895340154
1.0587791690776567
1.0814318879877904
1.0761038496670585
1.053146006933995
1.0735856255018779
1.0994076462890858
1.1198237965346856
1.0941989842613484
1.0778324981522076
1.0690291734057626
1.0442145294187088
1.0308878017551522
1.012162905274537
1.0308059735410324
1.0524965681986016
1.0749810604799312
1.0524257801929797
1.0155914407924753
0.9967544174939207
1.0013533768202163
1.0227455898824298
1.013164777270684
0.9814733748507988
0.9581005368208508
0.9708884443095246
0.9586051360801793
0.9468929290509365
0.9223321673159856
0.9408312646427317
0.9662864193038062
0.970446602460153
0.9495479809030299
0.9314616451445563
0.9354254712210878
0.9245969747590239
0.9111467110466565
0.9000163886560486
0.9012421630999585
0.895712542189894
0.8960569824548715
0.8785473172264026
0.9031258218002363
0.9226524826412222
0.9132527667311726
0.9019935596581872
0.9029517198888999
0.9146211208007282
0.896232452508098
0.9112879780104222
0.9567379262811854
0.9597423683371801
0.953733646338107
0.9509163707210531
0.9436608899667466
0.9332334604977178
0.9523077604406526
0.9402510955129507
0.944463266060001
0.9520097803042815
0.9205612396692779
0.9234501065671625
0.934807952180584
0.9359413174028537
0.9651242924774449
0.9753852029060937
0.9262184809204663
0.9345109155049642
0.9487362913000037
0.935659907730166
0.9354482731849751
0.948971461733554
0.9525223393423359
0.9774551735655084
0.9805453011255582
0.9709243168500947
1.01308820086543
1.0057731714867457
1.0313758739457728
1.0258568195312447
1.0062477542001367
1.0109543414534297
0.9958358238717063
0.9864913612351717
0.9574044974859497
0.9481705596873079
0.9794362534533869
0.9670785331879763
1.0049731665148987
1.0080840865831888
0.9968784306343269
0.9828397343363806
0.9717306074116477
0.965920745154915
0.9468397208009368
0.9372352950527557
0.9680721274096962
0.9583297248001078
0.9345015826108225
0.9455555234155432
0.9518544565540714
0.9438467442990018
0.9274893256088068
0.9383629886719361
0.9319111861159626
0.9167573977450829
0.9574448637203932
0.9649463707188264
0.9608236307124897
0.9241081408062701
0.9090963912933939
0.921547037429123
0.926017595071539
0.9372926339155669
0.9203007344747293
0.9093168715444342
0.9330421854673323
0.9382484569022566
0.9445115733156116
0.9687241961714452
0.9404587900313092
0.942829014428304
0.9207739183740383
0.8949636991074265
0.8833844827530087
0.8873971103597476
0.8930322928991687
0.9051535688003178
0.9261890854114918
0.9070076284122952
0.900565444498624
0.910424726861754
0.931572111976222
0.9239829595069086
0.94584074261274
0.9618890303660573
0.9585802310009918
0.936313352188413
0.9607348637456198
0.9792358790856133
0.9952272163862219
0.9734710580102082
0.9944683653075673
0.9756557854665986
0.9725225415411016
0.9646383521322651
0.9562941228323307
0.9762829697524759
0.9996020320187927
0.9785563469197961
0.9794896249392331
0.960396935170678
0.9581687454613844
0.994789856625837
1.0783372921483436
1.1018427281210812
1.1018844358084843
1.0868215103699979
1.0871432330671198
1.0517754789632734
1.0561178264891025
1.030898277437082
1.017484819285307
1.0278234343246866
1.0420995238473585
1.0334612279105158
1.0544291455918684
1.0794812814539552
1.0535747512732399
1.0406640629775947
1.0401800850037326
1.0671727185358513
1.04982669041636
1.042250461733772
1.0738118433529737
1.0669342115196225
1.0888598153022602
1.1064628483316465
1.0498100088169104
1.0466385263623186
1.0212350893907103
1.0258275356844184
1.0640429635936854
1.083446847869273
1.0597668303679786
1.0728293422278814
1.106048989840316
1.111781978393575
1.09222405845192
1.1037712724217845
1.125659726486058
1.1419061020091177
1.1279942367210491
1.1529480358496231
1.1885172782124496
1.1779912220615338
1.1668549036938454
1.1524132082335747
1.1411139765954836
1.1618142108823706
1.133887403508371
1.144800862059183
1.1244451791332404
1.1175980778133339
1.1171528385142528
1.139213158090537
1.1292668097911522
1.1556991960116267
1.1739740205788725
1.1837710269994168
1.1237798509155597
1.1142215072904609
1.1315751243467478
1.1247052113660845
1.1486661999929724
1.1297262723321084
1.1280550097404267
1.1125903363415246
1.0981166186854514
1.0695017425339015
1.095740257948179
1.0759749256315536
1.0767418714623145
1.0660900270410707
1.0787138832446912
1.1075619128048537
1.1146389046986491
1.0928376725251674
1.116253008180956
1.123373294211913
1.0880734073576932
1.0750589175313088
1.0831224334473586
1.1146241550918967
1.1321968916295289
1.1090450540164927
1.1131089950140243
1.1033847826482044
1.132438714261433
1.1274596971410527
1.163567772636448
1.1774135397879435
1.1717210902742505
1.1510047166321458
1.1238473791293524
1.122174070308694
1.1082207648156739
1.091723896465437
1.0950187595650382
1.116428991483091
1.08710470050342
1.0742051151294874
1.0906030212717492
1.0851089483101908
1.1083657866310679
1.1087323307131474
1.094689946589345
1.0989631855185291
1.1158711744300858
1.1063007497174773
1.097323896525467
1.109569103732284
1.0930718932693202
1.1050091066192596
1.106776902858328
1.0895986300818241
1.0897685438503935
1.096838606777924
1.0733858221242003
1.0745803272254464
1.061287197955975
1.0694217830545798
1.054333742770779
1.0593985627815041
1.0750324072493498
1.0863086580634584
1.0935569586954128
1.0827916338569583
1.1050880860462549
1.1184791869025066
1.1097551386285056
1.117333285875574
1.1261986671228266
1.138493950927348
1.1515245626037705
1.1436268709695607
1.139025283387745
1.111954518126105
1.124493071055076
1.1084094778077878
1.1206907107734598
1.098198379677879
1.103561441049644
1.1248532260870385
1.1245549896330682
1.13375784131596
1.1440089756259153
1.1380370496101189
1.125286373359798
1.1049361985303146
1.1353501422293093
1.1330839475043843
1.1207698534228143
1.1112254078731656
1.1494053325339932
1.1365988418886348
1.1105865677734175
1.1065090493178023
1.0915156582907337
1.0807418524724666
1.1000818504409164
1.1262492740116747
1.129367993648473
1.1332660191658785
1.13238844184714
1.1255894601519183
1.132731140928608
1.160897372025622
1.1381103787732958
1.1404539515710639
1.1443197454663785
1.1709155969757954
1.1582279907781463
1.1450761507550689
1.1698446192790874
1.2052827367543155
1.2027297126249241
1.1913165390666034
1.2100293543669556
1.2131036789446483
1.1581423230833168
1.1547904838293188
1.1442159278167814
1.1581795992492052
1.1557765082335076
1.1352014056878754
1.1708143114226701
1.1623446170642802
1.1397114136533517
1.144499026616603
1.1119275835047777
1.1245791709292743
1.1256774634037576
1.0999056124733282
1.1045936928211981
1.1016331055170305
1.1200769032054592
1.1057294065877636
1.1183137224225081
1.1158345543494157
1.0981663129901755
1.105808054798723
1.1176215094334205
1.137346336720819
1.1295334693102614
1.1365964515002143
1.145295149584364
1.1596699581615821
1.1835123825712874
1.1818150139394166
1.1714448348323034
1.1622004563996744
1.1972874952758628
1.190167272640232
1.205105670072348
1.2171674121839087
1.1656588933607417
1.175750265758662
1.1836087431877547
1.1596227472344676
1.1383442091207479
1.1369220374709053
1.1084913650255535
1.1177234408915442
1.1473727269907057
1.1417245431096237
1.1254295340564342
1.1328142671851216
1.1210296911989384
1.1033172955029833
1.106938711404764
1.105919795840337
1.0753937278025052
1.0733384038130416
1.0390037321823522
1.043496473948062
1.0450501832207884
1.0330515807684462
1.0559745620261192
1.0510889716043366
1.0654313766568246
1.0726007212371198
1.0441046350708008
1.0520575141132265
1.0686125470295558
1.0689166283540834
1.09812702258199
1.0772630042700209
1.0698731293834638
1.0554654722247334
1.0732882186166728
1.0756469719629562
1.065663179447816
1.0837558706041708
1.0779015625846333
1.1057122186241193
1.1142138298636965
1.1250472931911206
1.1194041861699082
1.0938123036989813
1.083601066626435
1.0877841092150267
1.09019620549975
1.0829143122868485
1.0483731913322945
1.0260227659395562
1.0405622132415577
1.0529113976651245
1.0542676886973161
1.072342130239463
1.1014768072684147
1.0848123404575138
1.0640432204676311
1.0721705888504691
1.0634945913577845
1.054277887299919
1.0919738250191893
1.1243685613697245
1.1402819917541913
1.1238091425391175
1.1116595030538312
1.0925380360789074
1.0876144404153463
1.068181218842112
1.0679072838036492
1.0497431516001294
1.06442209781253
1.06142373209093
1.0791706616232961
1.063463135851454
1.0901918007522724
1.0785311061746863
1.1066442640146903
1.126997619407882
1.1430693682689854
1.168272947940126
1.1435623334639828
1.1182491500365868
1.120112789535178
1.1038952542294223
1.093774579060986
1.1038966050213441
1.0983004739155893
1.1155941836040646
1.1242779730220211
1.1078251051509163
1.1039048914588736
1.0829246472110416
1.0828036797906722
1.0941045551840067
1.1119581062623887
1.1169319759053407
1.1400268415373747
1.1365716581629157
1.1477430906005646
1.1523788795682057
1.1182509008816426
1.119664329579797
1.1360767034885662
1.1189376707286127
1.1006856282242699
1.0725179748128943
1.063763666956723
1.0758835588692464
1.0911990186803122
1.1001610816684009
1.0655063481234215
1.075351829720831
1.066760170017361
1.0524801681279865
1.06225317326345
1.0506643927555477
1.0928811664217708
1.0867360489673978
1.0896486740139035
1.0915963079360476
1.116379633003062
1.1152181466231175
1.096392560293642
1.0941172626202293
1.132687936374782
1.124407474124267
1.1129259447347788
1.1392105877177754
1.122551252555073
1.108485006973652
1.106115158886776
1.105319119180459
1.1155805167132171
1.089662172816496
1.0654752448019658
1.0660117218344751
1.0389287298195038
1.0585155225841523
1.0572510963407649
1.0551975901684683
1.0213950330930208
1.0209758799862145
1.0158215685385716
1.013638773781763
1.0391929509400861
1.0326163583579406
1.0141076893241827
1.0364467250098237
1.0515347686945593
1.0541715081194887
1.0888171561364686
1.0774083644056227
1.0691981853254524
1.0828419791609916
1.0513182006823718
1.0513008805260522
1.0533943014688283
1.0312008665421297
1.0128873720668203
0.9945504208256386
0.9949603731187595
0.9849340621925137
0.9985656956810489
0.9851877866433835
1.002846779517819
1.0059615538244073
1.0335687748383062
1.0573828116403472
1.0354930038031889
1.0436380720079776
1.007067197165724
1.0286451578166589
1.0780980653556467
1.057643002729473
1.0370631256340084
1.0477805267067832
1.0284667117940764
1.0174945397777315
1.0497028043512862
1.0492068241716053
1.040203804175273
1.0502855586834474
1.0567475473523733
1.0375253928819286
1.053012787883361
1.042226477047571
1.052520206898345
1.0359452264300235
0.9885887954842617
0.9811107728434598
1.0006086119280808
0.9992990352036311
0.9973108034325265
0.9853238549347687
1.007774750865245
1.0130501409765365
0.9971933867589955
1.0110275488170037
1.0291058950522507
1.0252096277928202
1.0414401262735828
1.0346289634290515
1.0324684881910258
1.041104444116115
1.0011188294711733
1.0055333847074837
1.0149687094587247
1.0123433122271897
1.0086815003314962
0.9865931080022401
0.9925490407342137
1.0138437905031599
1.0330618187316378
1.0076096572159279
1.015705697591986
1.0183890192420308
0.9831634110702109
0.9870836277412565
0.9651133015610961
0.9626956496996002
0.9443129859409937
0.9384162188490761
0.9525240035290664
0.9483828323761445
0.9481984478130863
0.9600119810823119
0.9702767931775764
0.9437745930719799
0.9091706752090095
0.8818854969933956
0.8845950163482841
0.8997516398942762
0.9025730558141057
0.9239109263088605
0.9343582541512114
0.9372207097893575
0.9343346649302818
0.9252917955790654
0.926542582432799
0.9289339224874356
0.9368483202455834
0.9601876894822865
0.966923878511718
0.972292392255591
0.982454968264037
0.9879826440497781
0.9734921791737133
0.9876407292968982
0.9546063581601485
0.9544968548905904
0.9687249716877517
0.9862587820916552
0.9686944575937265
0.9653500757338223
0.9305155636132232
0.9446551028236344
0.9390216724681255
0.9240828817405384
0.9096984098491577
0.9186844842023307
0.940663286469371
0.935379438782229
0.9273816043684525
0.9444763231823845
0.971877415832475
0.9639554938163919
0.9738975393460398
0.9872037424473757
0.9875334666279841
0.9621040945122686
0.9438172880198362
0.9311710426978447
0.9283509006338386
0.9219263812090864
0.9087221008804518
0.9269864887167893
0.9078261459545345
0.9300448211482317
0.9442353540146965
0.9520208170678452
0.9711817802506933
0.953467126482497
0.9586041612704674
0.9673579523804817
0.9518380629510154
0.942972908154377
0.9606922270053919
0.9549367636096512
0.9846835420854562
0.972291538179005
0.976522860222848
0.9683137721725336
1.0056793527734695
0.991954229573654
0.9758649960700083
0.9880189085103764
0.9825138266740662
0.9819797305323211
0.9720464879777554
0.9616192194954729
0.9932430511439513
1.011511197886496
0.994903866003846
0.9872900916632283
1.021913003993266
1.0127686980534165
0.9910268734129871
0.9950279086063712
0.9722531363797173
0.9622694874004799
0.9857465843895399
0.9599908411344957
0.9512512293775324
0.9406105292737111
0.9453698306116881
0.9663078895507503
0.9705515341835642
0.9682137473483512
0.9519395431273181
0.9311448085790978
0.9415750011509392
0.933918850228679
0.9306654613485348
0.9243503103625771
0.9659648002487141
0.9943664015918457
0.9874664476873516
0.9983584203051108
1.0023255561863254
0.9740642773700707
0.9656085147531404
0.9481261923226179
0.9518832171005157
0.934363285689602
0.9124395698570216
0.9302110882976146
0.9508112370990167
0.973596132325947
0.9503983613844192
0.9720236209424928
0.9902532486771788
0.9817678124674462
0.9597423628673449
0.983639532563095
0.9698292945652206
0.9501714742964302
0.9351062317680139
0.9564909771216912
0.9131213523566363
0.9111269687568566
0.91433102047744
0.9318161089677928
0.9452105253357783
0.9369416254380107
0.9520599178450596
0.9421323604191413
0.952716580734352
0.932782055843454
0.9120543142845382
0.9072635510921842
0.8964791678314376
0.8964588032336696
0.8740559481777451
0.8851051748117805
0.913864895290748
0.9107158209338413
0.9361918838575513
0.9456088738348447
0.9222739346082853
0.8932632472805689
0.8896663171091609
0.8880670744956715
0.8910719938261356
0.8810899107013952
0.9043530144303557
0.8976483937372078
0.8828669870557488
0.8783402062916114
0.8832896566964641
0.8908663862376776
0.9098358751191863
0.9199523169119808
0.9357552816310667
0.9391761273003765
0.9505627124631977
0.9554185556353432
0.9326454484342568
0.9504816796687248
0.9624156656707329
0.9554807783006897
0.9870312928469364
0.9666500420473173
0.934856468959578
0.9478970915704558
0.9687075441963129
0.9534944335916448
0.9342686373414526
0.9425285212893428
0.9461009918635284
0.9729280404292298
0.9795809090438545
0.972527680326328
0.9814415556021371
0.9580355388346231
0.960902386681034
0.9577503606236529
0.9903642432109392
0.9703497639302119
0.9617528367501387
0.9870825758688694
0.9956942186849391
0.9774805056099235
0.956968957100416
0.93327718227196
0.9260500835835531
0.9177875337937893
0.9194621421233133
0.9106415673940598
0.8914376733088716
0.9082276104765952
0.9340658785708931
0.947490426163191
0.9580019223858106
0.9562197788175466
0.9300055611128869
0.9095722692622453
0.8912322977709222
0.8975168299120062
0.919192108370221
0.9139668556049573
0.9206159817663967
0.9421131514128385
0.9565734691814171
0.9506293012834329
0.9522444731066507
0.9551055522312711
1.0057625835776338
0.990725409254623
0.9775357394275376
0.9761867680558104
0.9767173190609465
0.9869955232163731
0.9499030440467566
0.952982500890874
0.9764386490306882
0.9762420738975786
0.9524321292816188
0.9331869032371902
0.9441758510825339
0.9380635187501036
0.9067964774251415
0.9050428441840119
0.880008557695072
0.8811552623828369
0.8940588847870969
0.896898755860459
0.9161200148489811
0.9029081116767173
0.8844984434825713
0.910644300657367
0.8970651152875947
0.9136755833922137
0.9324619185797353
0.9277052608537578
0.9362321057693301
0.9641113533282496
0.9515079432828034
0.9591626929125389
0.9189500694155284
0.900869667528526
0.9083183129883377
0.9289885462101293
0.9407382209146569
0.9518487310998792
0.9398077908745021
0.920238137453556
0.9333023250719882
0.9180071616767688
0.9053649666806891
0.9083122903071956
0.9108655547846667
0.9299771342723794
0.9226665768639892
0.9124932518604516
0.9105752556490174
0.912738774291883
0.905984117013839
0.9161905108633762
0.9384971416434575
0.9506930897478003
0.9585745480311987
0.9644590602718018
0.9787525033418669
1.0050989941680886
0.9926880124100861
0.997711772229949
0.9912318858058174
0.9814149474302375
0.9857770800727749
0.9728275048592918
1.0197594235146068
1.0459734472229314
1.0293961175936663
1.0092746417153173
1.0014992330679335
1.007295749496516
0.9924903879963057
1.0050481212388338
1.0124336726851046
1.010672523197474
1.003600458417494
1.0081490561558006
1.0234006858919602
1.0509783829354098
1.0231659209692308
1.022721302863024
0.9899447030691335
0.9690612325254527
0.982890222248355
0.9889192337193659
1.0150840245317116
1.0078678265936147
1.000059021416991
1.0125731302374372
1.0174659169144256
0.9978848129658697
0.9888228373240603
0.9995259121598338
0.9777497098423205
0.9852479490288681
0.9847504426071727
1.0098701327057482
1.0336006837510805
1.0275699721823461
1.0647864973721348
1.032364503089358
1.0210875328675246
1.0093332930548604
1.0212380056131334
1.038561979721196
1.0247847719168774
1.006092281856914
0.995185933736649
1.011364627116856
1.0257798578175477
1.042366640181268
1.0211223456491827
1.0023493765904337
1.0039777493070983
1.0038926623504316
0.9707966330920985
0.9727683437719056
1.001979789956358
1.02552400713985
1.0148109001573762
1.0127061542112643
0.937130214532705
0.922146754245053
0.9066095129761947
0.8963507488965411
0.9036879602981946
0.893227196708917
0.896276011402436
0.8756300765166459
0.9151800256721923
0.9390530340616542
0.9045283009325866
0.9174928157857425
0.9143220416198349
0.9080257973575205
0.9002144620824992
0.8936895162926978
0.9166642924437136
0.915201781730995
0.9571027261944922
0.9562568044132654
0.9640542517056807
0.9807000022611685
0.9702565251436668
0.942171903334682
0.946954455528541
0.9444126684037332
0.9156844613235489
0.9247746541980392
0.9163487854164062
0.8842429479807853
0.896900323975562
0.8947648598824155
0.8532976165492125
0.8391664887613576
0.8714257961240219
0.8585263323780713
0.8646204463142743
0.8616369119926959
0.8649222689966364
0.879406522427073
0.8780982835237563
0.8791751860998279
0.9072475277280594
0.9043541257429264
0.8976147892154344
0.9050232220396441
0.9251653210086692
0.895000212309347
0.9052477994040515
0.9003586334138026
0.9222706431560745
0.9343335685438885
0.9035883631107995
0.881594402085728
0.8953881371740875
0.9150858928664206
0.9187220927048553
0.9231626965960076
0.9056461423919732
0.9038527668157031
0.8898409507695262
0.9025371701193824
0.9138858426299599
0.9079356425618713
0.9167131359385643
0.9173366059831723
0.9449609234859588
0.9320612814586879
0.9349229468437915
0.911161854731664
0.9013953561893523
0.8978880098040298
0.919576218040943
0.9507885942749297
0.9174043119559977
0.9303792411440048
0.9484578171343543
0.9643283716868356
0.9776629625377665
0.9709222262858096
0.9638451144126166
0.9362655248439159
0.9651258023562239
0.9429069601286748
0.9255490536623557
0.9232569541193875
0.925439169458983
0.9323253564204943
0.9161185157951102
0.9153911862737126
0.9009668539989945
0.8787481753288722
0.8802374516427433
0.9092251387896582
0.8751799606606028
0.8782538333418628
0.8831605716551832
0.8621277888678671
0.8716729254594869
0.8588468995434945
0.8295531010257391
0.8421577907122395
0.8633264637594601
0.8650652016113474
0.8933387008441189
0.8943779179070447
0.8815834323782982
0.8656697699755613
0.8542155189937346
0.8696823489414299
0.8747787805376436
0.9089976807822402
0.9229715219013614
0.9218241510720021
0.8989146839440687
0.9151721966685294
0.9301053903891962
0.93379673638291
0.9168785577742545
0.9316233085840403
0.936765692363737
0.9065940530317573
0.9088919622295637
0.8979459168170318
0.9025498623737788
0.9038157445791629
0.9274925457770856
0.9019911059375562
0.9114222614777656
0.9259897131217422
0.9355793916350933
0.9442558647763403
0.9438770629557185
0.9538589399340989
0.9309826066372784
0.9422648401807874
0.9553802893562485
0.9453559213498717
0.9431407586598181
0.9326298287458643
0.9522379678199472
0.9748946506928526
0.9411033021839658
0.9308282466842419
0.9035471166544202
0.9276246756670627
0.922266622163363
0.9036529701871797
0.8707714701631141
0.8665247619606467
0.8738900270358129
0.8826437738165576
0.8506127625679639
0.8411582541711955
0.8485778320678516
0.8476325077199607
0.8584354651181223
0.8697808981372936
0.8529709179340593
0.8701174812590052
0.8633059395061656
0.8801571430870375
0.9052019320273066
0.9157365219685087
0.8884723944438963
0.9015870034540874
0.8985109226022612
0.8795433268394047
0.8937612547019158
0.8866569031264532
0.8766860051455019
0.8865439887867983
0.8951381354137264
0.8718316811597806
0.8817722638396333
0.8768363841013809
0.8749227225726215
0.8732062798673513
0.8625000009942968
0.843511114441672
0.8795108450637239
0.8801749002990009
0.8694840356129001
0.8767028658314214
0.8457723081490247
0.8556464787520183
0.8481205295452945
0.834341053825965
0.8499783341416907
0.8757817536754604
0.8680205804782668
0.8683359703960617
0.8686470613836004
0.8497308243550394
0.8582541808998944
0.8674216821060812
0.8989924314859685
0.8877387174583442
0.8729536582185685
0.8919206401870965
0.891011139287431
0.8727316852754194
0.8733206871003731
0.8804162980511165
0.8916020543234754
0.8837971319356165
0.9088383670499227
0.8973980603776175
0.8565378830575521
0.8734788216958014
0.8778219986158445
0.8736335736297907
0.8790964196474831
0.8894034971412557
0.8899950905333716
0.8908456169315827
0.8876016922960639
0.9010794279668265
0.9243483674793354
0.9242041497841276
0.9394115948551057
0.9486650459422777
0.9684564144785471
0.9661327677971046
0.9733902542415246
0.9563451734505393
0.9496434753720359
0.945826089247051
0.9677314899083311
0.9728285275392955
0.9689693848134665
0.9605498584527039
0.9800073055139196
1.0095996259221787
1.0248897334749003
0.9988674626936394
0.9975651925406974
0.9857073305159552
0.9680091269434647
0.9583522457791503
0.9566881021800407
0.9414243528380513
0.9566516814767146
0.9566595369608459
0.9745641114167605
0.9672225912268599
0.984694893246074
1.0169397012032553
1.006057265998578
1.0178369357625314
1.009706587948163
1.0049486450793073
1.0245029688689304
1.033677668286861
1.0132620291518544
1.057540338463035
1.1230896980818954
1.1651073299336536
1.1939412598241523
1.180520221033202
1.1699375340846236
1.177597045890238
1.1894349732951228
1.2030214427404207
1.1697675921505133
1.1856706452725063
1.160393306761752
1.1741566762704614
1.2170042701496393
1.2106228698998915
1.197466902427761
1.1971042988355791
1.2652256677068263
1.2538376808802574
1.258271979733132
1.2334614360905805
1.2251941295369249
1.2043107544366143
1.2200981223323362
1.2387663330372958
1.1833137692940319
1.1934438143528243
1.2060407125694501
1.1911981676107757
1.1975908257398251
1.1850975450252044
1.2191302051310886
1.2056541325507475
1.165671388620702
1.1670110335739512
1.1720735475462776
1.18713314403677
1.1829955001109473
1.1725889877906246
1.1960656895369908
1.1842234454288096
1.179129065557627
1.156847723247188
1.167648628995069
1.1464556069156189
1.1368983350565054
1.122954601453712
1.1382822680618265
1.1451181405089335
1.169062409375626
1.184484696938378
1.155790679635257
1.1722169466003636
1.168867786450754
1.154418358378166
1.1627496940412716
1.1594498256184254
1.2276329198010232
1.2005988726420962
1.1962818544698715
1.2034121466211263
1.1843102611975347
1.185038232676648
1.2101195127307929
1.2118217657315662
1.2122410803526964
1.2018222299995573
1.2131381533376397
1.2254629152161232
1.2028875828379837
1.2100583797431659
1.184825617973456
1.1951144662088247
1.240683688565127
1.2396679401637505
1.2128977945015398
1.2307767285092788
1.2006610184076034
1.1866516840432855
1.204265729067933
1.2060596418579295
1.1664004115866597
1.145902568370389
1.134523008969963
1.1406114643859375
1.1468991382879394
1.1535024776428795
1.1339198191495463
1.1408476971681871
1.1669653242704208
1.1715808798004397
1.1753327261140103
1.1594401649882047
1.1603921638858752
1.1745119515401
1.173181904497609
1.1493396744115723
1.1388186436798475
1.1312971731752395
1.1376831609189095
1.1609405607579246
1.15681532534787
1.1460764930359415
1.1695417851425174
1.1699789055874152
1.1084445260658862
1.1059165131949789
1.1162750209051302
1.1250878758516627
1.1106332241783279
1.087357258767563
1.103458484311914
1.1017160451633485
1.0541521943600054
1.057489050429348
1.0466424353647712
1.0534476609109573
1.0857226679446812
1.0807938880461592
1.082595201120602
1.0834667761670889
1.0946214149234132
1.111510201131561
1.0938233132441568
1.0687524923656537
1.0899443992748212
1.1079811927451375
1.0940398617232725
1.113236564403933
1.0997288940835959
1.1136907912841159
1.1339828095011322
1.1322437519503343
1.1541144401247525
1.1263764232918965
1.108420933805774
1.123885077292521
1.0981266403950727
1.0797789710119363
1.0908136266872654
1.108482484778888
1.0818425055920722
1.064493406849684
1.0900099702722026
1.0975064106025365
1.0966011867967733
1.073346136441628
1.0614560556386534
1.049645816891772
1.0498906364596445
1.0349133903182597
1.0421170381428226
1.0720784885438164
1.1020160483392385
1.0811329985768923
1.0876470888454959
1.0853249653952932
1.102025871927794
1.0961783901447415
1.09695619032927
1.0901438499214966
1.115796598211148
1.1392294839145596
1.104628189611075
1.0986937222744615
1.0771840441494942
1.0894102074410281
1.109209176107158
1.1300275000684774
1.1393709614973264
1.1254840867141456
1.1218489379602146
1.1160112371714064
1.1278640757146434
1.1563531410193781
1.1534217711120789
1.1684651140152646
1.1414566788208804
1.1258605369028958
1.128910309345267
1.1428370249904716
1.1403373731820148
1.1559267070269017
1.1689327166515673
1.1567088801537184
1.1430035880233675
1.134716355714236
1.1277264998923504
1.1121242081325018
1.1095639416733825
1.1204130930956107
1.1236286922364942
1.1187581568853142
1.1785683389214188
1.2300890078113267
1.2187722340540954
1.185588130525693
1.2171222395177905
1.2186593224687767
1.2132489122446093
1.2145577048437572
1.1640238096065343
1.14321509843814
1.1693956055166344
1.1642963546387721
1.1788400374497248
1.170842577832913
1.197412296743767
1.2276995476201613
1.2460208014567296
1.2634727130689687
1.240268832483424
1.2438336723034986
1.2312881172435852
1.240055218022684
1.2262673963669335
1.2161381004333527
1.2156257203276
1.2211579989779793
1.1942580477172011
1.1673521695397868
1.172605801655682
1.1564647163169979
1.1363991314130981
1.137163954434473
1.1355125726848319
1.1078381867560105
1.092891340291331
1.1005397562985526
1.0953462680225523
1.0913077287795245
1.1071919848524314
1.1239529028331623
1.1458176934614746
1.151860631241579
1.1377649431082433
1.1269585748178412
1.1218943846109741
1.110601694319262
1.1167614973977813
1.116768836244122
1.1369306958919398
1.150677253113295
1.145704367787127
1.1621731095384442
1.1461559225753972
1.164420592508403
1.151444385255377
1.130437913986916
1.1249673277639831
1.1273563007381988
1.1325464712062345
1.120835469329586
1.1422405272377432
1.130572339708218
1.1279978424428767
1.10456081457326
1.1122812093454808
1.0916796517774003
1.0791589238687807
1.0932467933872738
1.071392432603416
1.049132731579586
1.0724396800906497
1.1035826243688958
1.1205059212892714
1.1270024481782253
1.1178184560395417
1.1247235426565654
1.0880229687314282
1.1060107857656434
1.1326878982641866
1.132168209470805
1.1428799630922868
1.1346562415468906
1.1544889903361508
1.163560783963657
1.1341199164798903
1.1410822680555535
1.13421032812572
1.134371348993136
1.1822612890451425
1.1866948666167856
1.1822500959187572
1.1553436284197296
1.1506396903375975
1.166746507164581
1.1779389245662053
1.1933738526603161
1.1985394251857073
1.2128199350760973
1.2220531140583097
1.2246832532826366
1.1735663322292764
1.176251438823763
1.1788259156479899
1.1791187243467265
1.165884037416711
1.1579237831588776
1.185046200525705
1.1702983153993607
1.1449685392560323
1.1321581889169774
1.1397168435059801
1.1301845981912906
1.136413340797223
1.1495120144786504
1.1231747119050346
1.1381419290139756
1.127138551122867
1.1321133173617737
1.1575899451057452
1.1730271063672324
1.1846799107254957
1.1685549830862318
1.167645156919175
1.1869894930585883
1.222842010053701
1.208839332278802
1.2042231179582836
1.232781691793183
1.2327511179431212
1.2492341501451787
1.240407314902189
1.2235153734230106
1.2360111696390346
1.2411807582316734
1.26994038920578
1.2641998031001558
1.2713869348124356
1.2870633980500465
1.2715223223524592
1.255319705891735
1.3015273296804586
1.2973193901622468
1.2770365102772203
1.2774380007462574
1.249842902119642
1.2341106805965179
1.2260254876484662
1.2454743611296666
1.2762969719687312
1.2728996801812915
1.260975345619663
1.2671499805241009
1.252799242140644
1.2197583714801503
1.1883988611147762
1.2057681502349349
1.2165775091651678
1.2117230678461124
1.2117454906068963
1.2373954536155614
1.2079857071543272
1.1995830167009847
1.21343407759167
1.2170554043146875
1.2474003798948279
1.2625269792375295
1.2430675333851675
1.223457392370914
1.232708342624584
1.2356768056912932
1.2389059319937243
1.2601507570476378
1.2729517960016026
1.2513562142340495
1.2500071134082702
1.2342532280819232
1.2142427876809736
1.1956012211737157
1.1816467666787942
1.172071514415515
1.173571175186088
1.1941210017945634
1.199190582043035
1.2111662515741126
1.21963038340829
1.2047479485884198
1.1954883090891004
1.1709880420147527
1.1518036447710842
1.1646057686751456
1.1829630701663703
1.161297711659017
1.1817130611478113
1.1704705031430993
1.1619725065155648
1.1599277484669095
1.1974777817574473
1.1941497834143098
1.2277887574607158
1.2503321486880097
1.2241941194780104
1.2021667956044482
1.2186463705798272
1.2360665582071764
1.2226523246824155
1.2158389723353085
1.198081036927665
1.1845076794819958
1.1864610845552646
1.2229224977960944
1.2370654394603138
1.2512349852860198
1.2477894683771167
1.2579718004065028
1.2727614499080944
1.2991724522070318
1.3083482340156927
1.2757148979221251
1.25029286420208
1.2516104112015751
1.2257367598526545
1.2303201804532335
1.2373350452383622
1.2203617064362926
1.21286913646781
1.24910230851345
1.2572372119984048
1.2860132196239809
1.2772226914220293
1.2911794737924103
1.3106191078787428
1.3263443405958324
1.3457984779630396
1.3254675211784004
1.318906733933539
1.3556822629061112
1.3440810587287797
1.3367495723902287
1.3292428228724793
1.2929553432528835
1.2725290538251413
1.273025777361045
1.2438464467803585
1.2711381736045126
1.2960209847008
1.2844055704514235
1.2753856059061897
1.2800957310456678
1.253980746163219
1.2613150862485185
1.2484483516187335
1.2517197252816423
1.282059394712306
1.28808373239413
1.2731394740808437
1.2712320812776319
1.3360674697459678
1.322426963911051
1.310318481892708
1.296050426447747
1.2862102903161516
1.297808568480363
1.2691625476581292
1.2777879679635662
1.2606280821696836
1.2712027038953675
1.246197221223571
1.2590967088034697
1.2893401320274795
1.2724260590337622
1.263636153329473
1.2915988912733356
1.3159133539871537
1.3469389544451058
1.3605824787248733
1.336912509881959
1.320167402115571
1.3099293173715674
1.331888635892081
1.3626406115183203
1.3977682714347073
1.4160496021690765
1.3775333985462297
1.3765519941577795
1.3412587494587107
1.3432996133210018
1.357501482906636
1.3462504969584366
1.2993603090168322
1.2728707210100398
1.3109975587137526
1.2974136938481133
1.3024923705950133
1.3246389506244833
1.295767677539171
1.2817056489322471
1.3056286784005435
1.3087976876068108
1.2814539781480427
1.2981127604370073
1.3313094042728268
1.3567981212731806
1.3149063447465403
1.3174120027327803
1.2583386755651917
1.2301866923396925
1.2352290881745251
1.2656648586768176
1.2598239374242433
1.2462413935529406
1.2447086350188794
1.22720285753349
1.2127613107460928
1.1970849310501026
1.2133136656060899
1.2000725241833727
1.1833774356357905
1.2117880924620859
1.2215099791135056
1.196703160987344
1.1170329821181357
1.09344642814426
1.0963716872203837
1.0870661659850607
1.0980537362739196
1.0956373764440523
1.1169621220136554
1.1085452769513993
1.121770292991803
1.102702971990001
1.1317755552750222
1.1119880280432335
1.0875369271567779
1.0767933695164948
1.1033012005257772
1.0868783452745026
1.0787755379742603
1.0983570102039428
1.0513072949389932
1.0618994569434577
1.0726459660207266
1.1070597375357147
1.1186664734057585
1.1198325778205676
1.1366819461317887
1.1263860317837158
1.1360938615014193
1.1482355447584711
1.114519063006902
1.094119275721474
1.093715789774453
1.0831497067525524
1.1026476101614755
1.1193048390222013
1.1177294317683029
1.110477800241811
1.1195351931559747
1.102738391345273
1.0885412762976174
1.1078912211614549
1.1269285172981238
1.138814744400081
1.1462096870797678
1.1457029753330241
1.1565745029281123
1.165526463892098
1.1547860662525458
1.1584006791153192
1.118513968975133
1.1178939703461142
1.105084099724363
1.087608668046939
1.1191000176969568
1.1237098027386274
1.0962046353126493
1.080936024339079
1.063241032455347
1.0411092034260165
1.0521489088803524
1.0454326480202225
1.026382727826775
1.0120810159283509
1.0194729993854255
1.01000902350794
0.9812767111978828
0.9928226718775957
0.9898404348090362
0.9773704836139752
0.9425655879309043
0.9469805907432965
0.9554409934913213
0.9740285144446805
0.9908354450829986
0.9738262038972628
0.9890831456361872
0.9776166761075012
1.0102225268548477
0.9984272302401263
0.9916755794246913
0.9722737054705669
0.9581184325936256
0.9506450306187748
0.9390997172976435
0.9747573654211655
0.9919027328195267
0.9849756843053534
0.9724781520946932
0.9606654116802938
1.0021268308281843
0.9789144780568239
0.9780496362805402
0.9765091323761911
0.9723726457681631
0.9738003596999277
0.9694377916552313
0.9617792153943001
0.9553555975041771
0.9488805772385733
0.9648807958567032
0.9584990400139746
0.9738582092348963
0.983524897440215
0.9836158392181591
0.9983502990771385
0.9951134003704977
0.9905467385116268
0.9807194547648275
0.9727925229900463
1.0093949713982735
1.027324573331565
1.0075114463870194
1.0322531518464084
1.0382259491402288
1.0551519471939252
1.0178352960842265
1.026931740113181
1.0717835144687542
1.0581243946103907
1.0505536896010501
1.0654422677636706
1.0662641023920048
1.0583004929360262
1.0468645744448324
1.0334689036119247
1.025861994387363
1.0222623302361793
1.0077719647427188
1.0341329478657038
1.0745324613854448
1.0806904524759062
1.1207167802183011
1.1183120938432123
1.0832264422341216
1.0668899942245234
1.067286071881707
1.1107976280017184
1.106326378041322
1.094402014618746
1.1116383874987004
1.1054600947477424
1.0843956728674884
1.0914098352329604
1.061998989435933
1.0810429101974661
1.0986949405546933
1.1045950567712175
1.1228297672254102
1.1130200091261226
1.1264837492323283
1.1496995853762972
1.1223186185442728
1.1411375608950904
1.139326933711257
1.1297091319921524
1.1171559443447834
1.1029225152110405
1.1046965462867961
1.1178251806575032
1.1386738072337623
1.1326172901942944
1.1345972045347748
1.1349068770905895
1.1257060402235104
1.1072825002163948
1.091214448615212
1.0699456408652754
1.0879070188096367
1.0656998864417861
1.0825051459739194
1.0674995910879843
1.0670222569313477
1.0629332005409164
1.045586381201085
1.0281327791778645
1.0559596726657832
1.0634429058597856
1.1082300075602824
1.1037386772705546
1.1017448754928012
1.0909520959088643
1.0970113466542437
1.1226308805269523
1.1276692553001055
1.1232390308388729
1.1039210475186199
1.1131401194524373
1.1099109547867538
1.1299261523974256
1.084204259185448
1.062736286933887
1.078198519401752
1.0660373553133997
1.0514876129823398
1.0237758677270692
1.0002741882984107
1.011098750092827
1.0327091235040704
1.025143826392538
1.0066467283651477
0.9773385320350282
0.9752267919662168
0.9820957016861468
0.9955916283257016
0.9912104306447075
0.9797785965979127
1.0019799633911954
0.9957234525259033
0.9763559391950998
1.0083521970559106
1.0378631897702892
1.0438050882069725
1.0564006433873758
1.0478757862293027
1.0232339058196953
1.0386068129350357
1.0564884876860452
1.0285158493976747
1.017397071466884
1.024145074052395
1.0433180883128135
1.0283530664791953
1.0148473242786415
1.0021948163483507
1.0101473007450492
1.0773550176110758
1.0691898349949411
1.1089010713726277
1.0935432021136287
1.078182109559816
1.0555126506925938
1.0385657027820663
1.044276645619025
1.027033387373833
1.0400262061353949
1.0297631886634566
1.03529069294038
1.0442042167804773
1.0525130981286346
1.0274298680445246
1.0145520270820902
1.0160228482881368
1.0053503193850934
1.0172244422920036
1.0217195362858198
0.9707705421257876
0.9698845209152184
0.9723196760531438
0.9756385128643708
0.977155312020033
0.9963571351960878
0.9979960300107846
1.0187217257718857
1.0063044458387718
1.0010655405902278
1.0280037850348627
1.0173659779434645
1.0262231654767464
1.0404792888785208
1.045770762104597
1.0635385970627202
1.037063447655645
1.0542782611704338
1.0342203143231135
1.0466070986518277
1.0444200257727787
1.0283795260019015
1.0371353255036857
1.055767134875629
1.0554751538647873
1.0682355655429474
1.0734703296061094
1.0920780725986738
1.1095487084001423
1.1062066173874159
1.1245544067157518
1.1107606178141711
1.123515297526485
1.1077431201376307
1.110233456063053
1.1149645614042545
1.1069068593508742
1.0982416298995499
1.1086243527742339
1.1169249393114482
1.1284663868084732
1.1360905717860732
1.1018633765505121
1.1095366562178932
1.0748481254800533
1.0875774959166393
1.1004300459337024
1.1003413759588672
1.0818060130361788
1.0688369319557456
1.0351582302559565
1.036968246290352
1.048593473266211
1.065671320018972
1.0573589726571824
1.0389275299770173
1.0221723790086685
1.0315713038985754
1.015128516480675
1.0159853543314203
1.064077586755292
1.0792701978655879
1.0862488362892628
1.1057369012992675
1.075596796891354
1.057289456182103
1.074742778846423
1.0711922190581704
1.1012089344033134
1.103704629693634
1.0851282598068646
1.0937574888338524
1.1109918943045491
1.1316698879530993
1.1479104009652485
1.1379834123391972
1.1121255544920834
1.125447978350226
1.1342754176165128
1.124790838270663
1.1216547991747394
1.1404255949633644
1.1595195792475423
1.1489182557211384
1.107680551583311
1.0961853269552266
1.116631456578411
1.1396897165643152
1.127509705177037
1.1299523055649003
1.1547187560095626
1.143403117844524
1.1832578390567097
1.1725891123417036
1.1671091151379467
1.1647220980924586
1.1666550822581083
1.1518368674572352
1.1401855429162862
1.1469116047637247
1.1558947596363858
1.1707711025461083
1.1762090584751843
1.2018711341436705
1.1838439324442689
1.1576088190588893
1.1502021146192012
1.1451697047759122
1.137733607333884
1.1290656515400903
1.1472791649282224
1.1675261971023272
1.1287637974993507
1.1371306887307606
1.1648905380529428
1.1563681030246267
1.1909344416659928
1.2017236899276114
1.1714687890500817
1.194570565755852
1.1572325207688918
1.1603102892332553
1.194788860380863
1.1950474177509456
1.2112271621431234
1.227500469198545
1.2058627414794094
1.2135851076000683
1.2214835707724103
1.2107426957106122
1.191189679010326
1.2120784599742156
1.2401673177168222
1.2647791729341715
1.2438718942828328
1.2535560129658918
1.2631079276436858
1.2702968462165547
1.2631046461409596
1.2354251204033
1.18114845710708
1.1696999437355007
1.1912730345681253
1.1855007904472221
1.1632367133164978
1.144297965443326
1.1421372082401817
1.156512532037571
1.1791543378455982
1.1965955655830378
1.178562812428606
1.1623624619436626
1.1837153086862124
1.1824220754682953
1.1571529216566063
1.1722623580211504
1.1737389195877366
1.1808781594112687
1.1833994182326297
1.1910683279087477
1.1678946440004199
1.1467291687034726
1.1382859973960608
1.1460558573965687
1.1678942827858734
1.1568231565158995
1.201740784538904
1.196628435123014
1.2216174783882527
1.2077809863050395
1.1993851336786738
1.2088529269298374
1.1713305861567673
1.1553421543759697
1.175432525874081
1.193221461409171
1.192826556322769
1.1935053812105434
1.2008561674413123
1.2205234436330952
1.2094055842941476
1.2195716141937767
1.222015965932007
1.2362843899178222
1.2038719084269591
1.205194593125301
1.1786641762874757
1.1852633187922048
1.1646904122326127
1.1706737468392618
1.1383417786226118
1.1388020242353585
1.1321632772297312
1.1194518132249254
1.1200665021557061
1.1292625714275812
1.1397707956709968
1.1353374710597075
1.1467013821890175
1.1620191109297309
1.1768875306445388
1.1730959895890636
1.1960140181932366
1.1891462886550077
1.1951677306830912
1.1835631097849602
1.206133230309544
1.1938402512015838
1.2124928394833698
1.223410127983228
1.2024166180929003
1.176521531510009
1.1563954469377145
1.1556572226946196
1.1665089394058044
1.1850928841138524
1.1633097857083627
1.1745903160206923
1.1902837341927186
1.1654151973122109
1.1515202964494888
1.1651153597543535
1.169174726757172
1.1757760045133572
1.1899559411043892
1.1705294100766344
1.1887647146653653
1.197750837693561
1.1671576183143115
1.1672542935242882
1.1536400814570864
1.129995012602041
1.118288628896124
1.1352733853770176
1.1142863840264718
1.1301335561632904
1.1359137556020378
1.1389746617307017
1.1648312196311217
1.1582739756383302
1.170963788608729
1.177722034537387
1.1841353673620811
1.1726807581102683
1.2071657116429666
1.21099576573761
1.1982063193812664
1.1746445164770254
1.1882894397616177
1.1601974625655387
1.1350698441066893
1.1474760310627468
1.1846340040654213
1.1877252753780922
1.187354622420061
1.168655607907616
1.181278233711142
1.2123866243114727
1.241683884413416
1.22340032127608
1.1951514404185222
1.1695155418516232
1.1743343613289963
1.190578617793615
1.210272144074541
1.1960854105582372
1.1696823501977058
1.1703789509159979
