1.0212882737739801
1.0110284414535762
0.9990936525372014
1.0108166088327664
0.9816872095756306
0.9943207999703167
1.003014538687239
0.980869015606172
0.9398229281818439
0.9304698519855495
0.9409816521334124
0.9386143693725679
0.9693995716459686
0.9570548776438736
0.9599793293217043
0.9497598254258044
0.9386149939081576
0.948986273536829
0.9470515797852768
0.938024355355277
0.9509130853918745
0.92974954318703
0.9646708246211082
0.9497705566402135
0.9402105897260505
0.9393830737712929
0.9133795273246822
0.8860064595736319
0.875978377407318
0.8699277699469685
0.8936528283556875
0.917537075142292
0.9312578842762022
0.9226229566234292
0.9501790713011469
0.935059469561099
0.9456109838830088
0.9431846859769808
0.932016198102894
0.92892762826648
0.9191476856681825
0.9328001118936093
0.8931972431720474
0.9019304722567789
0.9192770296566045
0.912666979314202
0.9222353867262887
0.9452614350952664
0.9087282570120443
0.9206277376884893
0.9124209682882745
0.8884888066246932
0.879479948329179
0.869330229774727
0.8774701820287927
0.8998066892807446
0.9109956550715194
0.9212376651795162
0.9011841836747055
0.9092478472308864
0.9004087326075902
0.9008509698147422
0.9228098771857055
0.9297642374036726
0.9336434539939046
0.9223115247488595
0.9375097631871945
0.9501245024537872
0.9713091862071473
0.9586272360630854
0.9700987398456707
0.9587945099114894
0.9882295349528679
0.977346151752256
0.9671962202480345
0.9618592391346916
0.9528016314202016
0.9544643831771227
0.9608932792941203
0.9298338919696041
0.9144864970487077
0.9074761198526082
0.9259458696490646
0.9239926831001305
0.9320436131584074
0.9373945419824897
0.9589802755864799
0.9293985920215615
0.8843340380006435
0.8941555937922546
0.8959593084091035
0.8962517661109652
0.9177395876815777
0.9085403910077973
0.9102014867728913
0.9423444120207538
1.000648771200723
1.0053358907374161
0.9805105225970595
0.9923695323649722
0.9769613221482641
0.9758110562602302
0.9515592225556032
0.9389912809375491
0.9386752749164969
0.9366911330049357
0.9446987174568113
0.9545706808575926
0.9458443885949069
0.9577801370517298
0.960705779490838
0.9470258257923069
0.8951511904292703
0.9061989639718065
0.9168529248465282
0.9139727570566465
0.9277538908278642
0.9357419470934742
0.9197304464995614
0.89452750556426
0.8921011555732412
0.9064947643203545
0.93293363963067
0.9173486659472677
0.9281966752348473
0.9247941810459468
0.9570182668290865
0.9352190877684499
0.9340857533516634
0.9261501671963659
0.9093553717487989
0.9429549083717985
0.9585527260234256
0.9706877933580186
0.9502459560300134
0.957274162139
0.9954496125241629
0.9908182978306813
1.017771783097039
1.0317491447593627
1.0097974166610846
0.9829611459693494
0.978139284210585
0.9813831639038322
0.9890797671877433
1.001556367637463
1.02034605907369
1.03662249487985
1.061671614364824
1.0554251333397162
1.0354674398808776
1.0296750750561459
1.057744853210433
1.0459981315888425
1.0717844556604277
1.0656854574177204
1.037594265593468
1.0190757795041105
1.0355610247364158
1.0111483017882945
0.9773495450878981
0.9551540862444976
0.9610923057936505
0.9704601691006841
0.9817740848443642
0.9746197438391098
0.9641790246926607
0.9365288606410906
0.9080501285774447
0.8878463888059186
0.9095985613904779
0.904861376145131
0.9303807659298418
0.9209989322923189
0.9088118182345598
0.9041594135049048
0.9161227070546679
0.9139700073624493
0.9238987898776337
0.9221347563472082
0.9255035756214472
0.9392529870233268
0.9475493554821478
0.9494697119889863
0.9508894000972501
0.9675565342025759
0.947930632665432
0.9631410099221649
0.9828029583840285
0.9846876350111717
0.9735297622087931
0.9589395572056446
0.9666372572309732
0.9584783574147243
0.9773037127913808
0.9592461360457666
0.9306603932398739
0.942008117297008
0.9470817794766608
0.9695966841360297
0.9340606642302168
0.9478366619612515
0.968609075476601
0.9619354265197818
0.9412458390960753
0.9540834745650755
0.9174467802031612
0.9145793702555889
0.9119665488240398
0.928074845877699
0.9556497461281956
0.9502736256206841
0.9581384453471309
0.9524437265356088
0.973020022247751
0.9619574983810052
0.936958836655209
0.9186345969919044
0.9315120747467073
0.9406324673822473
0.9438133141481408
0.9330323476489558
0.9470019416434712
0.9371801691792114
0.9313947631885969
0.9298273142845948
0.9115540997480425
0.9031861817704843
0.917935333672693
0.9115792823195541
0.9374214510302588
0.9260701003732439
0.9305104738355879
0.9361012528787289
0.9430194075607735
0.930202830185239
0.9139903701866986
0.9217406076854636
0.9178957462609318
0.936312321192559
0.9468147015644833
0.9424292568868993
0.9247831797684043
0.9379518803138769
0.9644969291389915
0.9735361825487467
0.9625022768106198
0.9419421629397801
0.9077935284367188
0.9161614219777607
0.938477928908504
0.9241095640985308
0.9382339704811121
0.9292332741795413
0.938978985511042
0.927741798441945
0.8753627308456948
0.8850509289390043
0.9018620248122217
0.8901297388085136
0.9028674706683645
0.8914419536684524
0.8922466625159113
0.8792282935708575
0.8594228315623147
0.8439161132744546
0.8355035694583158
0.8293299151812719
0.849704697819339
0.8367373429738261
0.8533704035881571
0.8741579818880527
0.8979773580785003
0.8884521434766823
0.8742523634211358
0.8759918746217066
0.885300837855343
0.8918375431854619
0.8999693412412851
0.8974616289766322
0.8650014579600266
0.8498752419286457
0.8572693262167606
0.8510924510232184
0.8572355956930735
0.8513062081363698
0.8806431459835826
0.8650093301781204
0.8550550450171224
0.8602936466460248
0.8475895162008722
0.8531599253706205
0.8419965227830165
0.8522949626765361
0.8408040518724587
0.8314158497799997
0.8519879626529241
0.8542083892507085
0.8716544075127622
0.8941783249987504
0.8814878938577997
0.892040551848009
0.8724237216783626
0.8605387048086438
0.8793766117030706
0.866342985804349
0.854540702427253
0.8518180643678895
0.8767127575190962
0.8622221531765532
0.8669462693177674
0.8726047175834373
0.8885557579793751
0.8752228720954586
0.8714529065199907
0.8618295369803327
0.8776985988104118
0.9031707184837929
0.9163157846372135
0.9158844160204368
0.9242896837302562
0.9172607858403641
0.9161093183499248
0.9414674519947065
0.9518108779749445
0.977575381667365
0.9495931791947902
0.9487987247087947
0.9186704300622157
0.9128888689023751
0.8991005175568888
0.8789673476481366
0.898569434263679
0.9014392771759266
0.9270901719597945
0.9257150378857338
0.9069809094119426
0.9091827214728001
0.9077653169678677
0.9290009004807249
0.8786001107048322
0.8675521606655914
0.9007261766585485
0.8945358576564006
0.8972589676501327
0.9114748486866651
0.9238247528831732
0.9180473447751408
0.9392414696388488
0.9569306947922758
0.932146147962636
0.9234839973178625
0.9074635675600515
0.9084025432431364
0.8974264784499772
0.9032072445714415
0.9090400988838965
0.9124323820048728
0.9408017541303195
0.9282380229331408
0.9424121803823147
0.9684569205519061
0.9566152044847501
0.9426199499040595
0.9569561429249644
0.9352566242015289
0.9207755855509596
0.9226668476091378
0.9133244274741562
0.91451024534676
0.9114550772529889
0.8992218749143309
0.8995881800300497
0.9000307460442075
0.8848766966557141
0.8980709293579596
0.8943701166024481
0.9058839210150883
0.918075447637366
0.9205827495879185
0.9363231597328019
0.927083773267409
0.9378327529890879
0.9513745387668849
0.959588292016984
0.9550103150177547
0.969425900644559
0.980559901398157
0.9649609503738514
0.9601131434844079
0.9437377625261513
0.9430365807159224
0.9789902129527202
0.9740835855836268
0.9714313630025204
0.9869425933792934
0.9768449186796085
0.9477027362437451
0.9369635961797038
0.9449761743210829
0.9340237913204844
0.9496932333799813
0.9126705259236767
0.9139184351485468
0.938559218181824
0.9332036012240444
0.9497679398666449
0.9442221679104477
0.9404853932064347
0.9467405407354298
0.9238672313461579
0.9135796979316114
0.9352676795966939
0.9190614593318298
0.8918822463452205
0.8917521193454979
0.9120326665143167
0.8996759383204115
0.912009330418394
0.9058826405432376
0.8816149289405069
0.8673484121009475
0.8869184276315134
0.9084338196155577
0.8886844907545411
0.8877609920767481
0.8890502144702762
0.8835021958822089
0.8952396761771132
0.9046991238693342
0.8845393613564114
0.8671082025593775
0.8910703020778463
0.8649236756693544
0.8569853142825645
0.8765106767599089
0.8981375284930632
0.9213823828843983
0.8998965555578449
0.9130989564568377
0.9199685292518393
0.9231742070822784
0.8964033640545789
0.9243686811301783
0.9455855348121229
0.9602557683091009
0.9498792671050896
0.9398099217265482
0.9526796569699781
0.9676948622447022
0.9428697295474375
0.9516637418617795
0.9503444008423246
0.9500710036113794
0.9411484196600715
0.9289757700319146
0.9452470779447432
0.9415371401413397
0.9596043853715697
0.9451312986181831
0.9866332795569257
0.9637915949928934
0.9393299752743878
0.9331842213606213
0.9476470701129882
0.9741682960445127
0.9534567411257716
0.9633932000831056
0.9947777261523977
1.0185680454453423
1.0132912858666372
0.9957941883761017
0.9967165118716788
0.9859732839200074
1.0019065922292099
1.0062405846348526
0.953009680000117
0.9703918452588097
0.9540593198552135
0.9457116940584552
0.9581570721657057
0.9683651907034762
0.9420054124701753
0.9553697842325523
0.9394849330280581
0.955653435834916
0.9351442888573612
0.9205096344711016
0.9424358644607228
0.9319789707884334
0.9212216932015959
0.9150586029886706
0.9054209151581697
0.9160051129508834
0.932658177708847
0.9284748694166025
0.9544564544449837
0.9618448970110223
0.960621887409653
0.9697931096840647
0.9767990333366209
0.9936384538122
1.0103579115355852
1.0177343370631549
0.9892239300157758
0.9960754321101153
0.9736871247796294
0.9835272133288933
0.9724315020463329
0.9805523847372049
0.9895168808035671
0.994994729017562
1.0217522001222914
1.020696780194515
1.0068370563450317
1.032602832429798
1.054670254453311
1.0542994564582604
1.0653297125435968
1.0334678821765277
1.03105961680625
1.02692337262934
1.0410404618975155
1.02893072343146
1.045461800263134
1.041509669792464
1.074567103950415
1.0515694019590345
1.0437331803742602
1.0532046600010503
1.0300722988819606
1.0412166039421293
1.0299463834714992
1.0198519440475315
1.0408650876832413
1.0484882385775882
1.0107390323721883
0.9869793619529129
0.9948417797630541
1.011767546036998
1.0144993462972203
0.9837378952137686
0.9919560361969465
1.0010136229846358
0.9711025287695739
0.9710404385483341
0.9959232790813773
1.0156021958940358
0.9784539789208474
0.9613258396764259
0.9898349557043921
0.9586123413447322
0.9515813698186759
0.9332806631569285
0.9280812998110373
0.9365753993014257
0.9525721339374169
0.9463801408331518
0.9607888334145784
0.9660687946711212
1.0005636790795949
0.9912114851098952
0.9850939308825486
1.0004130916062661
0.9872114249903067
0.9862967592027547
0.9553263296373172
0.9691528715137012
0.9686283487882625
0.9625510796544388
0.9781621143160683
0.9878192962268159
0.961114762596542
0.9389117737763928
0.9474660771200174
0.9463187677948343
0.9763049235078798
0.9635656591664895
0.9754693138522634
0.9774610685263838
0.9512257163922461
0.9510544840959847
0.9644596909839731
0.936822430420901
0.921313534208076
0.9297097272198306
0.9454542353552782
0.9657615954206968
0.9574547077685247
0.9355573051153467
0.9152395989082185
0.9125258456209963
0.9191284029784421
0.9448098598321371
0.9325195916706344
0.9399379632097561
0.9210466259480788
0.9203155548708477
0.9118910409496838
0.8899190095633052
0.8891163342307913
0.9050898531329572
0.9226668029497237
0.901771335657411
0.8861362568673206
0.8965960928795391
0.8893525518511718
0.9065843523576806
0.8948878427887063
0.9106160578068104
0.9112242248900051
0.9105708374477086
0.916274418138667
0.9298636122461934
0.9050327367779039
0.8904257942084834
0.8479008324816706
0.833943145127839
0.85038841237284
0.8538621639637415
0.895622908218511
0.8817709918691357
0.8730363851947592
0.8606269459722211
0.8828658795597002
0.8926378329516423
0.9303530808774901
0.9146895923370012
0.9444136120576752
0.9257640146238855
0.9206968516038878
0.9169120572505838
0.8976151191472779
0.8845311703899902
0.9073553069705679
0.9025006964348
0.9165496754052493
0.9143951909009268
0.9216644649845891
0.8968494209392276
0.9386477724438878
0.9346389216993568
0.924399713352405
0.9481577702373063
0.977668593201617
0.9934631004754102
0.9786052455318925
0.9757947086963924
1.0036368635441066
1.0232358289868337
1.004572411755533
0.9834268222464412
0.9737841564355553
0.9663729397621204
0.9948763934720095
0.9888760199118266
0.9762607727372661
0.980201349053749
0.9700023046359447
0.9485842370636736
0.9497007605280988
0.9381103264694942
0.9628103464705551
0.9564865171914142
0.9536980642127603
0.9459733304397888
0.9331680398254978
0.9354730701178058
0.9567445490286957
0.9758945145772716
0.9586513943862628
0.9369782558357771
0.9128744348282026
0.9159153888910657
0.9208254895745018
0.9483411066346711
0.9235522806395943
0.9235169689216265
0.9160744377743025
0.933325414575827
0.9249082247345423
0.9525819091852535
0.9326763836146855
0.9072312126027134
0.9317297260424959
0.9386453325740789
0.9466547230962896
0.9540735377702672
0.8996136224243123
0.8933365363715315
0.8910490974798968
0.9112016188943781
0.9151630123271974
0.8941695191504194
0.8804856908906026
0.9095873565020115
0.9242964091077432
0.9289688892419065
0.9135121600628867
0.9193745790804979
0.9054895104576048
0.9111577851736221
0.931945294587378
0.9173543163249869
0.9340897766872592
0.9317586970948811
0.9391857414038007
0.9576422103991036
0.9408160613857098
0.9436774723836845
0.9137173363796964
0.9268567582058819
0.9160775639957554
0.8976185127359412
0.9166009903923774
0.920601508928003
0.9187823319917205
0.9395923276980636
0.9599589599574913
0.952214924170008
0.9617692273602835
0.943435728866973
0.9460224056330134
0.960359426942603
0.9293884802445164
0.9379963384183766
0.9322999027696733
0.9455213110168036
0.9678917703963995
0.9508372911798241
0.9431123651842662
0.9341548831282803
0.9586355892293775
0.9736350004406322
0.9693952818548031
0.983896495810925
0.948072859195245
0.9219110376547449
0.9603612170373952
0.9486345336037837
0.9496499731156293
0.9803723445566049
0.9629489368112801
0.9854932365062652
1.0067373458514848
1.0021851201541758
0.997380308688323
0.9852915518482959
0.9994279210979171
1.016035298160611
1.0480305798758827
1.050757262784479
1.0579367289699846
1.0364562186673358
1.0320271600983248
1.0374759149041894
1.0182950100008599
0.9916535112483601
1.0202693477364067
1.0564043797525229
1.1045761231294262
1.0838759903607325
1.058228621486649
1.055739116620524
1.0272945941066407
1.0508439978582904
1.062595516199724
1.081512763843129
1.0558177203736887
1.0350918171849068
1.029552908278151
1.0299957900696068
1.0123016783571768
1.0261224406095546
1.0140282572836932
1.006841487255765
1.045251696267271
1.0493345304183537
1.0447585210123196
1.0620674970476203
1.0882124538200222
1.0831268711567015
1.1045950083139107
1.0967922307331206
1.1150092731048329
1.111676196426575
1.1253786741649727
1.1463002241605451
1.1371619313197068
1.1295083480844923
1.1395343770885928
1.1697002896772966
1.1252574052660995
1.0945431941438712
1.1095912698052655
1.1012529161597753
1.0990574459418738
1.1134371126693534
1.106315519025775
1.1169510519536139
1.0798985368420988
1.063953327162547
1.0575590294641872
1.0474430105148933
1.0752961867903201
1.06442198899429
1.103170347691692
1.1004799182194809
1.1091575412816916
1.0937977096841531
1.1107694650756907
1.12354328376738
1.0764609633861577
1.050999400115268
1.0638257054190636
1.0511434584042674
1.055197157726236
1.0266630248031738
1.0085840472244423
0.995742307099438
1.0211759777951441
1.001461932197432
0.9779964282531283
0.9575625129787356
0.9631413798165183
0.9729848756487103
0.959921003608055
0.9613628340447606
0.9955913298972421
0.985156771593702
0.9732575432743855
0.965324919046592
0.9524879402386648
0.946193570697946
0.9414578312328458
0.9338334396343252
0.9475302734925427
0.9654580030493357
0.9827374616767274
0.9792549764703009
0.9711591893283943
0.9765689352476571
1.0021701034215809
1.000308643048751
1.0231977967548336
1.048844930781285
1.034508198043504
1.0193200708339307
1.0187563108546458
1.0294621440969554
1.003154217999211
1.0216249886887596
1.0152719847983742
1.0271322337157083
1.014378440484963
1.000783434660638
1.0364010443854188
1.0243592731722562
1.0285508259554819
1.033156151237746
1.069196935462184
1.048345685742913
1.027971999464662
1.026345566756511
0.9638815614522126
0.9612465793705005
0.9535366685906745
0.9299147322654733
0.9399807831791974
0.9393300664669045
0.9258181237286282
0.9334793782384218
0.9415736968555524
0.9732528440061456
0.9720341283538041
0.9538112355296938
0.9580546085769454
0.9517542835923845
0.9778443238570416
0.9775434961022001
1.0179960885054649
1.01169511276596
1.0011451588657778
1.0241538282622
1.0098995627124971
0.979557927780616
0.9763471889573736
0.9896948290125155
0.985430811535365
0.9877574728589456
0.9853328664854806
0.9712550354939982
1.0174177797923196
1.0215473427196857
1.013019239840661
1.0282215706798326
1.052174919889359
1.0799326385509402
1.0741701399223373
1.072400298347514
1.042354072672355
1.0551861502766058
1.0608295641790693
1.0506121387888785
1.0644555728797238
1.0615510174411182
1.0474711780350099
1.0556260026028366
1.0685511092815445
1.0844802064187717
1.061471859558464
1.058008254142387
0.9964528313016077
0.9998135288142374
1.0192905487627355
1.0107891964479605
1.0215948236461798
1.0094898217780752
1.0444408113196004
1.0336427937298944
1.0152113096055924
1.000458668375024
1.0072976797297377
1.017401780477522
0.9597527713036011
0.9679513363199275
0.9795204275559078
0.9736629078032635
1.000535929393714
0.9938515117022093
1.0201087829375566
1.0156023169497213
0.9959683866905596
0.9857729985926338
1.0078565193467806
0.9796004644691855
0.9739979977722323
0.984608555929624
0.9606808229860972
0.9445325400153127
0.996668706512835
0.9962144592141738
0.9892415797184865
0.994648558741579
0.9951976217999654
0.9881987287617093
1.0036284658894141
1.0019170513116622
1.027175881848344
0.9991602578387209
0.9861837226121473
0.9843019086591978
0.9312447253292149
0.9395434532141375
0.9615570152737308
0.9532640828875254
0.953082144602233
0.9663420504711179
0.9807977956461388
0.9746674525222453
0.9890354684848337
1.0140229872271813
1.001166742282458
0.9789129415662745
0.9602880499896559
0.9641859243966483
0.9829479060959625
0.9871911450574119
1.015936149968268
1.0365335119029426
1.0083185633358367
0.991947942686349
0.9907119727795494
0.9934957307693895
1.0240689481993737
1.0256505697990765
1.0559401730928768
1.0819358101464993
1.0610153147398547
1.03335944852407
1.053343652425723
1.0836528842871131
1.0965905004211398
1.0650962705444487
1.0453091190643005
1.0512486858236474
1.0366294718024298
1.0128417316524072
1.0112888874645927
1.0038996196804475
0.9936111837582575
0.9864907076915986
1.0168153587058328
1.0251258426494207
0.9960564124845781
1.0059135175851994
1.0054266746490867
1.01081011206437
1.0050819447199035
0.9986505413470667
1.0731732212956526
1.0663036008619078
1.0688648256376363
1.0493584999153458
1.0554624766602336
1.0589840176044596
1.018128351613365
1.0337868443927014
1.0844205272996845
1.0992475572655667
1.0813044497019757
1.088287440279519
1.074857109498185
1.0941864022548866
1.068912887471756
1.061831925902352
1.0541817900537684
1.0633117937425274
1.074109271208239
1.0771183176062542
1.0466110840904073
1.021719925609695
0.9973776209264574
0.9791282022275196
0.8940282178586142
0.8906716701734743
0.876762180802692
0.8857443179723318
0.8518963707899763
0.8309745047435078
0.8379838604169808
0.8223099552840848
0.8340051249746394
0.8255498083150707
0.8440876423809096
0.8395272447563294
0.8282811131906241
0.8541309561158837
0.8714732823919004
0.8751764973894147
0.8589424905865671
0.8479658593674262
0.8570895205635273
0.8486813791969539
0.8592639071087333
0.8746595834205131
0.8653491767100367
0.8553864818825253
0.8553885928154829
0.8855787748938788
0.9096768292714048
0.9023462368088143
0.8788524942341207
0.8603809889194367
0.8631460237009556
0.8592594466424707
0.8691750309077463
0.8743445568124548
0.8401788474667007
0.8433514696312292
0.8345470936019972
0.8447674747804924
0.8462779963781428
0.8676602107786815
0.8639518530503044
0.8705891446375533
0.8361242301520782
0.8554909375777862
0.8678520046798502
0.8881683399028315
0.8996320904341198
0.9187797444389191
0.9000052141524745
0.9103421335678675
0.9269198000408965
0.9139113832343962
0.9087092875630887
0.9062727452747728
0.8946803287389095
0.8833146167547017
0.8794901258804753
0.886961307667339
0.9007376301831956
0.9025290160099236
0.9099725404216906
0.9112339254853395
0.9088115115807878
0.9118183657235278
0.8958204008321817
0.8899403438452393
0.8787684744543139
0.8852112866077708
0.8808049808621434
0.8909491430037865
0.88632293613392
0.8873980273194496
0.8729627097918707
0.8514792908640916
0.8345441329823664
0.8147605077318197
0.7973070547617916
0.8214695224835623
0.8062200623019962
0.7967892269279052
0.8051860930242405
0.8150327641136791
0.7879419840461382
0.7604839516787417
0.7453229377989381
0.7868567138930883
0.7967810656772092
0.7880837306438456
0.7710876037376482
0.7789962531315388
0.7880342635457137
0.7856647106097806
0.7833919153797377
0.7680477247082309
0.7671651054197128
0.765346897029551
0.783043992429386
0.8061653879029711
0.7929617836957723
0.7739705376785506
0.7980373777694628
0.7902532829880629
0.8041577469247191
0.8070493524563377
0.7654502091995401
0.7670070978413096
0.7717966860334778
0.7841379153987
0.7980841987146786
0.7945280171779767
0.795737758619853
0.8115417154066937
0.7883148423809894
0.7843152772147488
0.7920043282325024
0.8132860143142076
0.8244651568350363
0.8300131514547451
0.8435095148162254
0.8538185994068423
0.8244034536377658
0.7985251769887072
0.7880679590668036
0.7941592913353718
0.8188070753360244
0.8244967589636962
0.8235858288208739
0.8387366001885029
0.8397654245547518
0.8093170493741942
0.8364405736528765
0.8448005676840818
0.8681808239670421
0.8606164244224939
0.8405017496585464
0.8400144239561653
0.8358216038587547
0.8539842189335733
0.8715511427356533
0.8600628023277981
0.8598498688146857
0.8571481413669891
0.8538597741644566
0.8745484069169617
0.887834783864765
0.9026202950045366
0.8822805198960567
0.8741542657999112
0.8657400569583033
0.8592700033339168
0.8580743820670573
0.8724487923703946
0.8711834827080365
0.8800595327799682
0.8635104073238282
0.8465452940436755
0.893735797795908
0.8845806593875162
0.8835097063666831
0.8562239923868837
0.8517180218351328
0.8582524347077782
0.8646005268874062
0.8684781876959855
0.8728791824464731
0.869671098083274
0.8895239250063578
0.8916528227396567
0.9118460172536148
0.913338742386742
0.9249140497253394
0.9274229485591705
0.9233661188270698
0.9097885916766184
0.9110721321978191
0.907927465460214
0.9442575921784504
0.9351360041512352
0.9246268841759564
0.9262303272670867
0.927465130786306
0.9262481914793492
0.8963661317418883
0.9026852354327338
0.9240906925309996
0.9174826573515439
0.9432446780900805
0.9349555902837304
0.9586000555853342
0.968939502201778
0.9621698842337778
0.9486078266980376
0.9350241459850627
0.9438968513164688
0.9488469547201906
0.9405763879573432
0.9687271932825297
0.9764013095492106
0.9598901305605798
0.9651958298325716
0.9182794538346601
0.9191085393768686
0.9302273705587872
0.9503947429959533
0.964264831545767
0.9537925638647877
0.946274209775549
0.9279678156365728
0.9437416593569112
0.9323315459865948
0.9284841094956668
0.9560859313215921
0.9818571779974696
0.9573402645472676
0.9492419885252119
0.9323151575026178
0.922387984675902
0.9263889360284289
0.9365355556897192
0.9069174603353917
0.8796129546356857
0.8541132543962501
0.8698225006505207
0.8710292794881965
0.8947709921463095
0.8749107181791835
0.8706995769562583
0.8734502411847971
0.890557917956313
0.9038442619363882
0.8720440378656173
0.8867218456767616
0.9081512704953152
0.9127204973039653
0.9073903509509035
0.8851414119010821
0.8816989502043275
0.8728555880955577
0.8818440319883796
0.8612814213979896
0.825186054048709
0.8262839537837767
0.8236073880301706
0.8167667185266834
0.8247553556853064
0.8189474067526268
0.8330341176183513
0.8465689458856772
0.8367842555636212
0.8375520271075654
0.8785905945805814
0.8709808219147294
0.8544206577774359
0.854390222635006
0.8661379273610612
0.8643296394863831
0.9268351714183943
0.9247981590283402
0.9126628441675015
0.9295460958920736
0.923203174317678
0.9129343218001538
0.9276208182437582
0.9126279165349007
0.9055449823246364
0.8807530040631728
0.8871633697956823
0.8876201273276365
0.8974617721868128
0.8828044766742973
0.919429561467436
0.9423284725105228
0.9498642887452822
0.9294725369011012
0.9556279285699241
0.9734128964355785
0.9856843439804162
0.98310749066084
0.9944820814251698
0.9665459371734502
0.9184658535225525
0.9263800687285736
0.9392949577727918
0.9191083205263938
0.9452484650856949
0.9515026668076636
0.9470581241339688
0.9624009766609454
0.9748888462993928
0.9954186488724518
1.0153711381296868
1.004320392735592
1.0160609784647272
1.020319325581039
1.0175752546953727
1.0354984907285951
1.008639604622237
0.979979846717744
0.95619561056423
0.957250004443098
0.9262487969278825
0.9383066687910758
0.9443643296137784
0.9660383816195476
0.9571044959366981
0.9344328533799601
0.9216205324097262
0.9287848017951646
0.9223494674252988
0.9006719770602537
0.8866677739994089
0.8829671756534793
0.9241112671369869
0.9418277375220518
0.9597462421656315
0.9667282321425463
0.9237438256460394
0.9041032727767929
0.9148190980674967
0.9369709087875645
0.9143118009873864
0.9040092889452176
0.8973879950099
0.8748865700426542
0.8513611244023779
0.8364381758868704
0.8446613910733615
0.8540654881366816
0.8412572630055704
0.8218054580381356
0.8189406463307853
0.8054495276510413
0.8394783711831157
0.8389826210827905
0.8476283062120121
0.8799489124704958
0.8817055001648461
0.8656613525297755
0.8774328516485369
0.89622843736786
0.9079672766022534
0.9055041679654732
0.8839209993932192
0.8802579026529216
0.8995128119833871
0.876767635915588
0.8712722071067156
0.8521471415112625
0.8522980788165435
0.8695161613591116
0.8769240961898279
0.9064765954348624
0.935150904654894
0.9210191930986282
0.907348537243937
0.9328123243606465
0.9422779255350456
0.956588640819658
0.9706504466820128
0.9490490943823736
0.9194093879562906
0.9224614011770215
0.9297245058965261
0.913688917407771
0.9003858152262182
0.9106374735705534
0.9077321173460403
0.9199481392466189
0.932120597721869
0.926938386998998
0.9470758308484839
0.9400546633181752
0.9265012743481104
0.9340816673751535
0.9076082855717511
0.8815645826414483
0.84948523008923
0.860242265705623
0.8909019782705053
0.8671613287635744
0.8734647266436717
0.8772740102083728
0.8930487412190414
0.8961364378883099
0.8578966538159614
0.8639671856116402
0.8660741623441934
0.8552166125264392
0.8541614292580332
0.8509139590089809
0.839851162649629
0.8435468177550935
0.8313918641750362
0.8414400671092666
0.8445472500296696
0.8563042150557872
0.8754671595900227
0.8724321428969721
0.8660701492836622
0.8654933389093247
0.8830849258671644
0.8776224714138543
0.892376777898708
0.8929483637700409
0.926731752696698
0.9043202172739848
0.8832206741970463
0.8833072541537941
0.8478125961189156
0.8472240633608671
0.8363305520131844
0.8440802536096306
0.8631915712685857
0.8420031363973483
0.8330547866708551
0.839353384946202
0.8044643650813909
0.7905393985423079
0.8163490069325712
0.7922649366417734
0.8216874955095825
0.8411573139632053
0.8226682242611832
0.8025034239637263
0.7974285561587919
0.7955824040745998
0.8113141486699368
0.8312837871191004
0.7982735061468048
0.7690505083655503
0.7688206446710019
0.798482019753709
0.8305155006041022
0.8261014745531462
0.8236654378107493
0.8368539142745377
0.8635006052301737
0.8476070874635845
0.8436781473175399
0.8204585225934414
0.8362107724283081
0.8229335174633189
0.8014326059554786
0.7982210552445994
0.7887799322216572
0.7712950729768322
0.7792877262698552
0.7658462387260272
0.7832471649188559
0.7885958765600702
0.7915461270092162
0.7915499794789499
0.7767297863778602
0.7482610827188645
0.7489264591190148
0.752962779159816
0.7411574029407959
0.7296453766969144
0.7463232907116623
0.7360558526159828
0.7378060167720404
0.7558926601842015
0.7688015604443815
0.7645018306793256
0.78095597820357
0.7971757783645648
0.7863800447865652
0.8046141365318078
0.8157646257318258
0.8266306336252629
0.8033210211913037
0.801917213793951
0.8143915539691233
0.8086684150753454
0.7941318486771333
0.8084656070632074
0.8385050138298416
0.8461732758258209
0.8213182175331558
0.8180489270693581
0.8107896231074531
0.810747590176252
0.8179297037661708
0.8062966680638257
0.8146281255960011
0.8133709482932596
0.8468343629996351
0.8248438185968926
0.8156004451347253
0.79965837100548
0.8240284043241438
0.8031917714485469
0.7710071644053089
0.7775381148621802
0.7777448488369133
0.7996575434130737
0.8251281354393027
0.8402475636651581
0.8564573965367592
0.8640826531450813
0.825829551324292
0.8115638477834489
0.8244322983063745
0.844842330358987
0.8256849733700029
0.8098416796176476
0.8093532090945337
0.787631073109905
0.7968359679980803
0.8060542598869245
0.8159001589444291
0.7967274896211809
0.7722760583909108
0.7800124493015297
0.7672539008774772
0.7802866111655316
0.7880204873873651
0.7668021883408709
0.7485757754729967
0.7549890244210449
0.7421478472087282
0.7239244990915101
0.7534888151373249
0.765226311476323
0.7331266906282037
0.7564478353298933
0.7511002630706344
0.7655435805751836
0.76094102629509
0.7750454781377434
0.7956777588484985
0.7860263680991426
0.7632301632095366
0.7704229036488736
0.7616817043973363
0.7595879887593487
0.7806287263474259
0.7789479471023727
0.7876318818883123
0.8016454966197973
0.80910237332112
0.7992084505054665
0.8048071337280638
0.8187158525601477
0.7828510801735711
0.7576452180436232
0.7740648148141276
0.7645077461886732
0.7760467320226748
0.7804876756586472
0.7992646525871142
0.8227353006560506
0.8364685727217296
0.8283024737237554
0.8087723636215318
0.8169848529976895
0.7986284513513198
0.8030218926286566
0.8313982851686343
0.8275753000657287
0.831808181918372
0.8496033107893374
0.870137345694012
0.8636431638562329
0.8788231655500219
0.9043073965105511
0.9264351931450706
0.8893767922191758
0.833861687584017
0.840680786056079
0.8530678887268968
0.8454606918712334
0.8593407108899633
0.8743664942761867
0.8591429619245967
0.8693372498413217
0.8348558915274014
0.8230235022999551
0.7993935986666201
0.8040279324803151
0.8271377241954956
0.8239683114506013
0.8494778635216078
0.8328435421249869
0.7968378551228315
0.7920504594156887
0.8182685975981103
0.8080039851909029
0.800080694855438
0.8175051681576478
0.8297335524212291
0.8185796034828099
0.8237381402499389
0.849380780119553
0.8757278924705947
0.859593482898596
0.8423625440033005
0.8572098493708463
0.8432736191897803
0.8394520064253874
0.8465363977086369
0.8367549775888049
0.8720036980459034
0.8757729714814378
0.8705780744752604
0.8625768817996484
0.9127231589339398
0.8977683630569365
0.8632343425448331
0.8639981715326714
0.8487129794487751
0.8191950803263336
0.8262996208947161
0.8238166945675856
0.8218141722591903
0.8014991030372633
0.8256974088687669
0.8302038269680312
0.797662263073286
0.8036100068529106
0.7933938167352717
0.7766996699025086
0.7761763914561355
0.8048017720470597
0.8570463084641494
0.8470174493221673
0.8350038028964186
0.8416436950224637
0.8531440444278743
0.855811442188628
0.8202922166922806
0.830815365677009
0.8196621569931966
0.8147586217186638
0.8346346975197105
0.8469971903364626
0.8382790466328124
0.8355335239525783
0.7996064022072794
0.8007518740030052
0.8243167193779465
0.8596450082340009
0.8687793586010795
0.8722022753425855
0.8418736186987354
0.8275133552217238
0.8390243996296538
0.850565592666323
0.8675007306811908
0.8895549237775515
0.8783677760134743
0.8593874670093093
0.8632906046002216
0.8566673884017123
0.8356114350738532
0.8317625713748815
0.8283103493370112
0.8171527320319533
0.8256551910108036
0.8425838493797468
0.83755844913656
0.8286770433672825
0.8703357328047167
0.8572610221472783
0.866501553560773
0.8480042761794231
0.82601890797065
0.8460775137433922
0.8573381184100982
0.8728091202976931
0.8745848467724475
0.8528659064054658
0.8577007770977683
0.8676728024364044
0.8433904263390108
0.8242661648859345
0.8159053177569164
0.8291316621697915
0.8316170594626079
0.8287423552223073
0.8006534720257881
0.8130959929902644
0.8159200310171983
0.7925504751173974
0.7658238319725869
0.7632468896216734
0.7764696699823614
0.7906711087775832
0.7709003297617931
0.7630848115793165
0.7596819650431761
0.7525810636529968
0.7820563327206138
0.7740698119703335
0.8071576559598744
0.8092000627675089
0.8353907576613175
0.8168267417349205
0.8152877110906327
0.8016478666472019
0.8011092583569953
0.7910015015210219
0.798768898585142
0.8125410233252923
0.828680845544955
0.8215630704405593
0.8203468202134621
0.8366001133557698
0.8159162835814152
0.7886137895811698
0.7966954838354371
0.7839509639351203
0.798278474542547
0.7976468533073083
0.7758853189154558
0.7828269883291534
0.8169603261123077
0.8148459688612932
0.8021858860355524
0.7965992001325357
0.7841921664322041
0.787082694343965
0.8021760420613813
0.7940091871172246
0.7783968735819922
0.7837947589700427
0.7613213842954334
0.7867298538613513
0.796249333548946
0.7997369616082172
0.8219528910243773
0.8094536621975086
0.8254334516798195
0.8177542845353761
0.8406467736044695
0.8555055294217343
0.8091535852076421
0.7790545866541452
0.8086331287159823
0.810878239277724
0.8062841660101013
0.8088541398326522
0.7958235059114229
0.7899620184373402
0.8010297288799413
0.7896035555158059
0.7921769612599122
0.8006451392440286
0.7802543446359855
0.7677948371775078
0.7489577815841608
0.7523053991872231
0.7221794313221532
0.7299826640812695
0.7440862667641375
0.7200759408035557
0.7534849269654725
0.7536702912747839
0.7359764531859103
0.747914236826818
0.768983672161482
0.7607461407264495
0.7702568727757155
0.7604726206736436
0.7524280821265767
0.7473684962854208
0.7622632108787554
0.7445793388844455
0.7568747860769454
0.7588151939995813
0.7354219982023003
0.7451522131690154
0.7570738420334806
0.7636646764751847
0.7659082884128023
0.7580717142649394
0.7825636959581608
0.7929427517435973
0.7835530112471194
0.7940821195331248
0.7897603869082532
0.7549989925006213
0.7271870691408935
0.7543792416779547
0.7790394678040801
0.7595251196805112
0.7785295879624006
0.7600617568339115
0.7448441363821974
0.7465991985067357
0.7776903068616006
0.7577431016623141
0.7636323096326991
0.7589571681220075
0.7697725138421647
0.7591211922917058
0.7824691730329453
0.792413532713151
0.7789011705471076
0.7766164564241405
0.7405851811482984
0.7236061761623855
0.7367947608958207
0.7467096721995499
0.7392339619331085
0.7477187165527855
0.7605103078322325
0.7608007988372446
0.7423724097706852
0.7366986670008455
0.7344512040401416
0.7434596483102492
0.7655420093342148
0.7770303421815368
0.7754796238072112
0.764414632759398
0.7848479616376064
0.7866336084137923
0.7774360562365203
0.8008392067037826
0.7885430705222938
0.7831405106095564
0.8061875838976992
0.81029704231002
0.8209566350531549
0.8293752908059131
0.8269095347982417
0.8330077622656993
0.8626528931973959
0.857108864368325
0.8492387653442193
0.8309871567976697
0.8529578244834451
0.842846518129017
0.8772946761863127
0.85058501823513
0.829204474589815
0.8146240321685759
0.8176602080920082
0.8255010730676478
0.7929745020134965
0.7923503893586279
0.7901351835018213
0.799967365933313
0.8070798899294084
0.8206617657764319
0.7867519830171534
0.7963952244394714
0.809206933086885
0.8200739180260264
0.8459065045189715
0.8585437625518053
0.8630214849098166
0.8564619694972558
0.8528629235635381
0.8664983413770817
0.8370582610967325
0.8258581556805489
0.8167017007374618
0.8037952680368184
0.7738074430252827
0.7796118407198753
0.7888505049039325
0.8068932256727128
0.8100345576294143
0.8123326691692034
0.8283554147810808
0.8335841713193302
0.8366634679924845
0.8268829029878085
0.8415000528877576
0.8498097618837054
0.8524817004908309
0.8744667427172566
0.8964583196696939
0.8828300579299229
0.8703680028792941
0.8613396092628387
0.8830273052370247
0.8975733993961156
0.8730460846295449
0.8782107979433074
0.8666557402778647
0.8659871209765195
0.866561286552705
0.867108792389549
0.8538461068344163
0.857848022860084
0.8270087596699034
0.829421175521206
0.7994075596703525
0.804319293751936
0.8114723579758213
0.8048882949034956
0.8105474862827043
0.8128656732494485
0.8042220519144792
0.7892589886675762
0.7974472996506782
0.7829946895383835
0.7816955615557394
0.7603297397594568
0.7600506978603951
0.7561232627148305
0.7738278209795055
0.7742269099089796
0.7893062411461124
0.8006555191122913
0.7937287001796038
0.8107919370419796
0.7996987012641461
0.8102019108323356
0.7880807654115425
0.7574277438100353
0.7536562315115709
0.7654966520576083
0.7826426575012384
0.798136151516661
0.7666973896463856
0.753603426622965
0.7363741339506495
0.7242613409115102
0.7315663712418803
0.7415173687273311
0.7526380284497529
0.7399591438010777
0.7250178498445694
0.7304784998038445
0.7067650566641753
0.6738441311027317
0.6879030480776445
0.6979545545710554
0.7003319988219934
0.710561141068487
0.7024669316258307
0.6944453458741118
0.6977884068238707
0.6934486842880372
0.7222185546998272
0.7261130519594325
0.7248898559126934
0.7240732130067786
0.7483240921837643
0.7375124731497801
0.7454785854197616
0.7434237238640554
0.7592679206410407
0.739069139232619
0.7284776730213891
0.7495366760514492
0.7258328893719601
0.7307966242314752
0.755563996841156
0.770492181077413
0.7602488023135723
0.7606646772333427
0.7640073928003851
0.7399222285687639
0.7390750150312284
0.7290473734026681
0.7589197681202854
0.7938105526812181
0.7781938423856598
0.769844201163907
0.7925930418657432
0.7795864971654143
0.8029996976151557
0.8097618433137042
0.7907221628000741
0.8087216249713526
0.8077784380604749
0.7983007712302954
0.7754642195313747
0.7577569975402292
0.779259630228853
0.7805879343725198
0.7818541231702886
0.7992596203611654
0.7982220919114521
0.7803446249057644
0.8040469920498513
0.8124913941758878
0.7966818366710234
0.8024723299421305
0.816679395810007
0.8107107846910784
0.8021973623699504
0.820498232486946
0.8403389673582744
0.8623220240911155
0.8857595666407346
0.8597232039768463
0.8358079526489988
0.8380285399815933
0.8067708853827632
0.8122539187346725
0.7938945061569069
0.8040937509960326
0.807472877119683
0.816177348061097
0.8111202014288474
0.8268173377350235
0.8175783311643382
0.8053500546760898
0.8241924116423935
0.8176617746902611
0.8566254305244627
0.849065848349424
0.8131572461104075
0.8180011741467524
0.8150619035478199
0.8199439161903574
0.8224875854475707
0.8282330776319896
0.8528538462093048
0.8355279906322999
0.8257515030655749
0.830866494542132
0.8423320393341184
0.8407102091139615
0.8504987001295353
0.8601214139922757
0.8767003716125886
0.8733079172565084
0.8852748245410419
0.9084094029411903
0.9031976348714721
0.8914061832699067
0.9133112038938447
0.9335810841426607
0.9334652135877203
0.9447664068184919
0.9118562392595664
0.9193647584937101
0.8973863092214994
0.9058176246361648
0.9260445239839492
0.9096962300649616
0.9546271522255678
0.9514945238649183
0.9584417614644402
0.9864780852328426
0.9884213383013933
1.0073332739751806
0.9948332064388554
0.9809777065214919
0.9702199518262548
0.9870499050273219
0.9868659187998147
0.9672642928571784
0.951928874150068
0.9747952380994068
0.9842435001209753
1.002527874610676
1.0267297723227211
1.0249444198213138
1.0389225171610081
1.039061225414943
1.0260967426453134
1.0463172996058627
1.0596224740153075
1.0527106316673105
1.050072318915707
1.0346804031153283
1.0084726274979183
1.0182616469067223
1.0304634219661697
1.0377831359401184
1.0436565795804202
1.0630679762565864
1.0341025588992752
1.0548812766388753
1.0967615687052301
1.1223314311440973
1.1113631803106352
1.086413750809805
1.0752372880911567
1.062481073009328
1.0777352091799908
1.0920627647080992
1.0723847264654582
1.0778334457270344
1.0942828889148979
1.0748988249849691
1.069452661765933
1.0415623133902208
1.0163662153727442
1.0268327594225823
1.050379336092649
1.0813040351448637
1.0780385166538655
1.11577895695717
1.1196921601988585
1.1304949475833548
1.102091910616469
1.1151584750085861
1.0768586399964029
1.0827487841623193
1.0837153476558554
1.0783986814273459
1.0845497303748424
1.1033060515357564
1.1140696569168782
1.1347079606319919
1.1018817936179228
1.1138090609454327
1.0988864468759318
1.074925529993399
1.0691776372689041
1.0399983893494313
1.0528740298547015
1.075286737239995
1.0910156704371754
1.1228283998836728
1.1028229612071594
1.079608056068152
1.084194133041148
1.0821165913800737
1.0514898625915903
1.0492154272222192
1.02989592968076
1.0265668627275366
1.0310027453795285
1.0515402650259196
1.0644345696804125
1.0511508198487158
1.0388326805521195
1.0610406071406482
1.0883351493195763
1.0831652694225207
1.115689870350898
1.1035473241389886
1.0882457004216977
1.0928803734996682
1.0414698872801356
1.0390448608874805
1.0505907611662464
1.0611303142629074
1.040439259074859
1.0468326720131707
1.0305510104888216
1.0194046401482373
1.0292962511846204
1.0286584159498222
1.0267641898139825
1.0117687977038763
0.9954259133340583
1.0068518901639554
0.9822091378792882
1.0077754549273226
1.0267283699545282
1.0292254284711602
1.0774085737491186
1.0612129387398637
1.0670380628481968
1.0495587659488115
1.0419747087435445
1.0347550917338089
1.059620870413838
1.056089161081799
1.058586028673761
1.04982107144945
1.0458994997492181
1.0268860366049712
1.039153417262928
1.025762278437792
1.025905466541754
1.0182272532542311
0.9899159483352272
0.9959347821642062
0.993666765449566
1.0129204338284044
1.0154256204181413
1.013204727837127
0.9886671297033655
1.0078030769612398
1.0368159560761678
1.0193465316024781
1.0035336139173778
1.011567618607632
1.0131845013868601
0.9778837087278165
0.9514488788107309
0.9715386581596454
0.9740060796490675
0.9593680794622411
0.942278889601419
0.9411460503526314
0.9261567285791038
0.9182471965152329
0.9096793246102053
0.9061547531875
0.9156347966637437
0.9201429463663006
0.9139577506853542
0.9189994369053905
0.9588364416606494
0.9641071326786251
0.9777783009486297
0.9511870598565253
0.9455937789960223
0.9450432197169588
0.9605591580538663
0.9570716338864899
0.9713374676138382
0.9910610772635762
0.994021244482031
1.002693424380857
1.0096018105100248
0.9980857112998711
1.0118670260085671
1.0199945807273882
0.9966112691015101
0.9860738120683997
1.0197907168284583
1.0235680839806152
1.0736722251041315
1.0783396418832445
1.0698868232257008
1.092367541772949
1.1208112284670366
1.1294519735665707
1.1147292916468146
1.0968882822246262
1.083099596200657
1.0932174825718626
1.0768151332389502
1.0855070615296092
1.093360959214989
1.0821579602267173
1.0976043513245297
1.0740667224793845
1.0642607360494194
1.0957766068806116
1.1059214908540953
1.0791197699726625
1.0714159050035639
1.0614140000364367
1.0603328045447578
1.0796556755254603
1.103291352472211
1.0748255643025395
1.0668167472848644
1.066455476354556
1.054928997412905
1.0354066625717757
1.035925507012726
1.050306668278956
1.0935600440665243
1.0790781244081922
1.1125929685167115
1.1136676658601783
1.0786047311721019
1.0823006477788462
1.096711879616315
1.0748176678935546
1.0628098906455137
1.0697392118871174
1.0421473536879962
1.0292707328185613
1.0819697878388401
1.0689761606962331
1.0601051351039166
1.0878695012355455
1.0837593630473619
1.0889949861256631
1.0860304447629916
1.1001799029574206
1.065878848199341
1.0420403323190262
1.0504065497870738
1.050162057190841
1.0566798641523918
1.0427633904024591
1.0317116293832664
1.0089714580564515
1.0100746110526073
1.0016728500580618
1.0008096513015334
1.000287380688096
1.0121603478682175
1.0185690056398353
1.0044051561259915
1.037981358336384
1.0557672695882545
1.0835247958511591
1.0717568262659014
1.0513991928157636
1.049362919522063
1.0350091967823691
1.0348580179232352
1.0496634411388757
1.0247691863776707
1.0198615918839757
1.0046230919696393
1.0190904562251135
1.0411961279592465
1.0582229701101726
1.049226030757322
1.0649466731085535
1.0288497057010748
1.0420706072672858
1.0670786202023945
1.05154823416534
1.060471475964467
1.0739695440057193
1.0364231894691058
1.0246656404467267
1.0550101420554452
1.0728945453538783
1.0855999294404242
1.0662007331843046
1.0390975843636512
1.0105295622119923
0.9894834605799594
0.9922334287530857
0.9827845023372892
0.9739989497239436
0.9766715789598603
0.9957226327640611
1.0142407954438235
0.9964156986412938
1.0084958537288675
1.034680756774736
1.013972807046093
1.0003294954263833
0.9905123970645348
0.9703599503686339
0.9508335753315202
0.9809405646189154
0.9926325047349718
1.0145273274557685
1.0096861935158827
1.040620544953673
1.0449507485323355
1.021923173320072
1.0045653906092091
1.0138949620117428
1.0392348722644238
1.0309625171335481
1.0060692376354365
1.0191843492516142
1.0346715822853245
1.0315886840773005
1.0500833144021913
1.0714944647360982
1.083604339120897
1.0837292361807114
1.1156566087553088
1.1271279410945705
1.1239449525549243
1.0961598951469227
1.0678750545401163
1.070014851346097
1.0409012738621763
1.0588330345133368
1.0549523863871775
1.081231953524696
1.0848712385190196
1.0849180228035171
1.0589996045446122
1.0354305807667505
1.049304231908718
1.0711824575368256
1.0609969415631402
1.0722735569519268
1.0947369533193352
1.077534897236411
1.0476961146359338
1.0572159171049307
1.0572478698907255
1.056106754985585
1.0423270700627147
1.0393631240474683
1.0320649847514147
1.0217712542922623
1.0946364667319939
1.097203099000297
1.1030060347024204
1.0931500121303042
1.0964286196997812
1.0818580960906405
1.0625820176694247
1.0708588004115778
1.06796238627822
1.0470884245311038
1.0345099075822166
1.0655310694007978
1.08758256136445
1.077730421347243
1.0672930897943034
1.108372522557575
1.1355216646056334
1.1244247668141323
1.1174299633235538
1.1421880044131627
1.1404395873470312
1.126984771715148
1.1093606967452614
1.1283065973934665
1.1420986181246362
1.1472372965885966
1.1222041357662433
1.1361864289754284
1.155414222480321
1.1248308384436219
1.1253970449061732
1.1094070191499312
1.0843936498185498
1.0845795954362523
1.0570568056471434
1.0445395870098486
1.012801093067202
1.028012237788416
1.039711398538279
1.0285467596245612
1.0548197410761704
1.0494674272623834
1.0663083736979233
1.0475043531469987
1.035540566209799
1.0487662110273337
1.0344424240563823
1.028549109141702
0.987738573064412
0.9959622744039733
0.9965611840035075
1.0104655629845538
1.0294090828713058
1.0312523774749376
1.018578205484371
1.0427535736640832
1.0653898138213576
1.0720119065335942
1.0758860823274736
1.0683734895337547
1.0781015838872479
1.0669502338758792
1.0826091930970823
1.0894717792101964
1.1168980987324795
1.108083586103792
1.1141644142446965
1.1353963943375491
1.1064027256971223
1.0823525088849961
1.0767299717478611
1.0624169574078524
1.0647317903370062
1.0836271617064368
1.0692166542973458
1.0598722942129444
1.0563530607453266
1.0798423925480363
1.05964676896195
1.0561425348765485
1.0835944263891184
1.0735624621645963
1.0893885125352694
1.1045892624716533
1.1052441094054253
1.094949856051031
1.1030806313450299
1.1042649126331512
1.0506508376328223
1.035504264234315
1.0296032321689748
1.0479880384407794
1.074772877918608
1.0534486994775678
1.0360045830586906
1.038989674484445
1.023226493412713
1.0275885241738136
1.0318000968185916
1.0449457858789726
1.0323344175649178
1.0110768958585863
1.0088145486530995
1.008369928786581
0.9884498665645822
1.005300333403187
1.0077198748463778
0.9861424405698812
0.9855135714804024
0.9781598777638103
0.9905823153871863
1.0088363254785895
0.9776314307010995
0.9846375927082519
0.9859496600014579
1.002342186602814
0.9833190320936016
0.9673253121660816
0.9785690224116627
0.9805004577471025
0.9872181709286035
0.9802211706794483
0.9896968006304693
1.01876448910809
1.0250059699244727
1.0165441764527352
1.0259579897795579
1.019199384696904
1.0213518629344698
1.027037706046102
1.0073728641647473
1.0152650006493442
1.0276479312828288
1.038808935768922
1.03828799555153
1.0363119109531191
1.032974520067406
1.051404272669708
1.0926564052781431
1.08689678541197
1.0534318056933014
1.056050826308402
1.0637202972145745
1.0728860332353538
1.0824556022906626
1.0791947123023606
1.0760357026630885
1.0622285728583833
1.0627016722381208
1.0528265005846253
1.0649866183725836
1.0548754203305502
1.0532355937062086
1.0641813634667299
1.0379985152740865
1.0479121305214598
1.0424847186818889
1.0331599930328905
1.0254963261707157
1.0295094876571373
1.0527698747626992
1.0674904250423785
1.081876950274075
1.0698136295225404
1.0784091699303726
1.0676634331965313
1.078696836973307
1.0802750566730506
1.0551942982193785
1.0552470111704886
1.055244437204718
1.07416066116685
1.1006292960944057
1.073548557540732
1.0672483167647973
1.0766224721060602
1.0854780571023765
1.0819258017108662
1.1000580529815895
1.1037585113664774
1.1185985789276192
1.1370975960939123
1.1082115434598931
1.1293658153853006
1.14496747918948
1.1537876948326244
1.1288688791524784
1.1386836156299327
1.1713397947697284
1.1587650146035595
1.150288806813883
1.1528408963049637
1.15078426769069
1.149663258726442
1.178395618639829
1.1981391638191132
1.2066597985168481
1.2168274247750188
1.182475496253786
1.1936727667040392
1.1824805651756587
1.179477109732783
1.207692890991735
1.2076495477265292
1.2076469064756192
1.2201257248181763
1.210076320320286
1.1878086785824
1.1416827889168872
1.1348413021151018
1.1462336928062224
1.1665557650387426
1.1788198449651202
1.1850465158201633
1.1489998226383182
1.1432722004969496
1.1282459322250693
1.120882536318257
1.1363160032654551
1.1268570512571854
1.1288179858377323
1.1035897753079102
1.0841601143884736
1.097579199304368
1.1103450063805465
1.1040671814077245
1.1278119265058186
1.130584614508421
1.1228855069970556
1.1179251197638571
1.1396000094189085
1.1734747987359537
1.175253718824763
1.2037622427192667
1.2036529999513226
1.2206341887641639
1.1918958658334247
1.1885118853077028
1.1697453917052825
1.195582485817774
1.2218183246835062
1.2113100062202715
1.2101481879462932
1.1986410587219591
1.241634163720349
1.2245040262917994
1.216245545296896
1.2350016381820532
1.2327261578559883
1.2120459280978322
1.215352876483206
1.1991909145649438
1.2149961803627807
1.2056897949275842
1.223702409365019
1.210961310448902
1.1768621677449724
1.1787047546705893
1.202761065439239
1.1924972239694378
1.1782790372088041
1.1734565901223517
1.2002993367216837
1.1895293202255994
1.178852480802504
1.1863269722764942
1.151597885482127
1.1635087106204143
1.153469916877144
1.1408152690060025
1.1470730690304314
1.1372957234870595
1.1815665010272303
1.1700436563763765
1.1662902638217822
1.1751471807470049
1.1493375681005646
1.1625668843310606
1.1800572392741624
1.173577165304395
1.2142875835282163
1.2084441772076642
1.2037783638067123
1.1844843597788992
1.2133430069593238
1.2247434665364043
1.1971233641187435
1.210085476427974
1.1926876853453876
1.209912587810972
1.227354423148404
1.2122229154586
1.1830785176281517
1.2022492698094127
1.188840939307667
1.2108192258080126
1.2303481727438719
1.257742446512624
1.2598134475123206
1.235703750367834
1.2130872357360012
1.2108221782674147
1.2363380427068855
1.2107069735225806
1.1837468585967073
1.1790308752798309
1.1867530554938877
1.206101364254104
1.2017862410255546
1.2128839936678875
1.1933625811420627
1.195145760279914
1.2031548717446647
1.2026733324044865
1.1950382867424487
1.1849568760574218
1.2039788210263127
1.2195668588685646
1.2319325647085309
1.2469891324766782
1.229350722997411
1.226448570067641
1.1975916218623714
1.2225178572879658
1.221916097963618
1.2127744762667398
1.2247395037202533
1.2300923652713178
1.1854049096881367
1.1753733600387952
1.1766907851533184
1.179772694105625
1.2056004527194395
1.1919247438701495
1.2112943878643887
1.2291801792899304
1.2518852942651701
1.2339010184224573
1.2205835369610258
1.25198783800542
1.2872367225576342
1.3077201062894421
1.2898527630261438
1.262055696859779
1.2355769961087513
1.2488987108112328
1.2164535201742126
1.2142565203909836
1.240577771149122
1.2293724682102898
1.2513126693579197
1.2306392523912986
1.1643352231526192
1.1634483277062402
1.1481826325767372
1.133617580876485
1.1377640382656469
1.1215662417175514
1.1083157276987827
1.1309859527499597
1.1612638236160409
1.1647616159216643
1.1805755641180842
1.1912566881233897
1.173753546254222
1.1947946703960766
1.2056565038016167
1.2262444898266036
1.2225143326882244
1.1981883987352917
1.1760150863197714
1.185312669368538
1.1722538114604024
1.1624428897488075
1.183504945758817
1.1679401121345685
1.2005655459238769
1.1881615182797802
1.1723051114538958
1.1806280081389458
1.210934907206442
1.2025601348971444
1.2107949810490428
1.242106723064358
1.2248747086315994
1.2127759663630178
1.2519067702728737
1.2385859616643193
1.2207723027968673
1.2300590485025047
1.2302678077154345
1.2186211379850742
1.2550958847031852
1.2391003849317557
1.257188836470415
1.2778529192342296
1.275528791954498
1.2723702875296348
1.2881839080350237
1.2527515410366963
1.185297977508725
1.1808548822811193
1.1876948791726847
1.1916128666641284
1.1796371691881127
1.1869534649016058
1.184464139485474
1.2055052600666567
1.21388754354699
1.192709560773482
1.1693178477372963
1.184227173951235
1.2184837799887127
1.2068051601318848
1.2273780071368021
1.2557316581450788
1.2436456081792353
1.2268552829153128
1.2336127681104867
1.2702144270184486
1.2431077814781752
1.2549406055485899
1.2291357215913388
1.2444172691401187
1.2365668098712823
1.2369337116209826
1.2161976168510054
1.2270502302859407
1.217385780489142
1.2142791865425413
1.2303980756894375
1.2499293313725126
1.2379915233432761
1.266695841359052
1.2913105111212944
1.2766546868177722
1.2344397591048988
1.2488093925136534
1.265055078063536
1.2596795571205373
1.2784382507489753
1.310253897862148
1.3205191579915163
1.3344104608651464
1.3075166500104962
1.2823306893210658
1.3003050327642314
1.3179313719211083
1.2910378173027097
1.2720599813180806
1.2584293705926295
1.2531859357009267
1.288694935721511
1.2857705676285354
1.3123284440057
1.302263365505893
1.2876887103494445
1.3003739403027712
1.315539133417073
1.3349694084038433
1.3499952240023552
1.3234033069306474
1.3233179227694962
1.353846653932784
1.3859846117175703
1.3711139306353457
1.3654796281297488
1.3903299559407671
1.4300753523769303
1.4136114958716948
1.3881089276980563
1.3692905409006841
1.3551054263236884
1.3294759114936348
1.3264523079049353
1.3461401480976347
1.3818468579763417
1.4087827648740385
1.3895468686343395
1.39848434684299
1.4399761606564179
1.4272142375681687
1.4414540513505532
1.4650533023990429
1.4426573925955664
1.4089191237337415
1.3915765152965127
1.400753198715492
1.3933589430338538
1.3780501083738372
1.3955797170785633
1.4041745051963068
1.3918197792859432
1.3859332755729967
1.385646901883939
1.4248393355576985
1.404369249827345
1.389515272242435
1.4095247563742057
1.41602874150447
1.3719095802960775
1.386144879705161
1.3867338389846628
1.3928863128716045
1.381612834434917
1.374331540628106
1.3436561923686745
1.348051237641326
1.3349162929948322
1.338769120122696
1.3524549252433815
1.3800185397781892
1.3305939184137057
1.3408044219339674
1.3044962522030163
1.3021499233664748
1.3057792527781285
1.3066660474920488
1.3360832065407084
1.332180959485194
1.3610553573556663
1.3415468599433782
1.324365364003341
1.3404831620721342
1.3371393693117677
1.3278596385004682
1.3495176187692601
1.3696168466151266
1.3568332043186362
1.3354637417326276
1.3716745852885763
1.3616982512614326
1.3967005535274326
1.3704094486513052
1.3654843781285257
1.3341482614952203
1.3298261334885804
1.3336764522530422
1.3010536206206975
1.307403356870065
1.3313415712584917
1.3096857573210143
1.30282480727735
1.279827590503168
1.2598626521079606
1.2355673168112473
1.2436243619836342
1.2710673319851322
1.2806598116100096
1.2687903945248211
1.2970989361555276
1.3111477297144616
1.2938894131103127
1.3048703997812243
1.3154965970205812
1.3346354056798655
1.3138501244040017
1.290411832589954
1.2775946335078352
1.2901791818855952
1.2979932854506713
1.2783999934330055
1.2750419612381556
1.2604935688561874
1.278729754518554
1.255223427954265
1.2226036804803468
1.238184959716992
1.2279110414355647
1.2461888653501831
1.2061431917773262
1.2081655773755486
1.1904975037544647
1.1856856074192725
1.157947078142161
1.1764828868159007
1.186409705718793
1.1709337751561697
1.1729880532827597
1.1655438968022882
1.1951617571748734
1.1987309773054164
1.225080842401928
1.2345558078991188
1.2354159608863107
1.2373724130381665
1.2501210192458316
1.24791184298049
1.244544661306551
1.2287407096430218
1.2121234610772453
1.1940476315160558
1.1959621430328493
1.1892509332468273
1.1755989530019781
1.1872093838412638
1.2067379452899354
1.2193606451338475
1.184705869471645
1.1823607231904871
1.1563757594283963
1.1652807366375353
1.1875792313097897
1.1655348338537195
1.1425437226177828
1.1489767049947888
1.176522725932793
1.1721900212640406
1.223505897365053
1.2152935023198421
1.246511537189536
1.2362401378355097
1.2200753048259403
1.2250636073247156
1.2134982170661521
1.1997688842080587
1.201211727646644
1.2163463608290284
1.220337669031529
1.2352149895822355
1.2037667347713412
1.20745856385277
1.1822703665520533
1.188561516180187
1.1984370148937058
1.2129831967679139
1.234187634884823
1.2395094907228763
1.2467376356288418
1.269013861428706
1.2375248737177733
1.2446510629607586
1.2742055224751283
1.292906448031227
1.270122420722661
1.2883977763341226
1.306820517613837
1.277237510467964
1.2577711066669157
1.2474311775150866
1.270700036568838
1.2450687396322615
1.2261384846827947
1.2308862682676112
1.2139317412221633
1.2072779661250943
1.2015129387783834
1.1827690637269435
1.2205445783407425
1.2654626031373895
1.2512509123308861
1.2701104727017025
1.294700527091815
1.272657910888639
1.2622898940943592
1.2755130401948342
1.2486010338038784
1.2453412113729845
1.2578352824641046
1.2717048342490396
1.2898536622131447
1.2835544505647376
1.2988210038750903
1.3178187019117429
1.2931949290528648
1.3050134996841771
1.3035549643228646
1.3139500765103205
1.2534551650174817
1.2672622058229441
1.2806646354418958
1.240928115964796
1.1580804551852317
1.14662180201146
1.1589065059033286
1.1213827000613696
1.0931612245441973
1.0767696167964917
1.096310240876614
1.1021576069852166
1.1012750648325844
1.1061472380191624
1.1191075812512703
1.1115093225143298
1.1311227505784676
1.1275716429394795
1.101216670969345
1.1050546422206895
1.0798179406848836
1.0632084767096353
1.0501772907550782
1.0622522571733723
1.0893244818704695
1.0742684874411312
1.0669068766688887
1.0698755684496692
1.0768844266423654
1.0625020462069024
1.0465170808737572
1.0514538020683308
1.0409509141357414
1.0153948327192137
1.0104310148166855
1.022517819361271
1.0069375094040494
1.0148916871471971
1.0210479082469928
1.0373776647904467
1.0418001711825144
1.0307249703296697
1.0478920756738495
1.0177762931175092
1.0270890576736982
1.0197991306183818
0.9981887028806331
0.9775441117003372
0.990739862256673
0.9775959457599878
0.9752267670731014
0.978270340012687
0.991854615885576
1.00389252516324
0.986980788706274
0.983863377463618
1.0146732689641311
1.014904240158693
1.0124605086770486
0.990810342342564
1.006210153921319
0.9971351427140329
1.010932079824631
0.9991873289253169
0.99900315425046
1.0209981289554886
1.0208337675377057
1.0249738589141255
1.0821608793919202
1.09960483000414
1.1176822011464125
1.0944337811433644
1.0853831732088808
1.0701176611486862
1.0578031612627499
1.053953264099828
1.0316278855548286
1.0394362441740503
1.0535242420675424
1.0658980980668484
1.032382111704538
1.0384320037700077
1.0258034593257426
1.0281256495085285
1.0445863780187106
1.0540736465840534
1.031139695803316
1.0412669654891225
1.0300220235611235
1.0047574035467022
1.0073210982260086
1.0155815726602064
1.0268716892005911
1.0383018402581767
1.0601075835508698
1.0601095038409967
1.0676855799095377
1.053192317238254
1.042742957316145
1.0334607125821618
1.0118602966762462
0.992791480541682
0.9970824173645197
1.0132054137456958
1.015838200234247
1.0056990415451226
1.0184305768420572
0.996694039339339
1.015194506733034
1.0065215675639074
1.01812193879835
0.9974320933318226
1.0142381429458254
1.0341082664357193
1.0313900518534218
1.0445637526524985
1.0264739323551308
1.0314243117592157
1.0178455617759874
1.0258519088474716
1.0102649325158417
0.9960476560717128
0.993766170033191
1.008700662237767
1.0371237667213475
1.0373821750347254
1.0547334337578775
1.0642517049849956
1.0446865817877358
1.0305009513221832
1.0208497069060434
1.0018591207335559
0.9968883797091855
1.0096250178502986
1.0257076673140406
1.0218246759627205
1.031628379702275
1.0364942791928458
1.0179770408591935
0.9988939335953793
1.02446520995232
1.0416076177366633
1.0204592713252132
1.0372387262150842
1.0423718652703622
1.055680189977521
1.0646715357192669
1.0605309854233138
1.0676861023238704
1.0526795823914845
1.0436194987396403
1.018092966191847
1.0012429732938264
0.9974606217475173
1.0196099371826146
1.0112296409994508
1.0047259497294592
1.0270499773621595
1.041856946100568
1.0381210490305717
1.0403137954298638
1.0509285490056108
1.0326509997736315
1.0392833656306253
1.010889319483441
0.988756967479097
0.9723845645552089
0.9702621278698139
0.9645972962800633
0.9803695297722554
0.9444400879827364
0.9599495633852887
0.9752942751247052
0.9830471161271824
0.9731538652296997
0.9570860471436953
0.9794578268824935
0.9982613040654655
1.0122933877149431
0.9976321488690759
0.972946804406065
0.9533023826661527
0.9415204092051851
0.9517468899930939
0.9315261518004136
0.9342618835663834
0.9018346831241892
0.9174467072314332
0.9549523079587144
0.9424011795294455
0.9561563787243988
0.9616450142791055
0.951841091468057
0.9502995221008291
0.9542041900030195
0.9528742839633215
0.9971131805657717
1.0077288570801952
0.986241059710697
0.9860441878400255
0.9830321920515595
0.9927114084772821
0.9844375364232915
0.9726683395219105
0.9673653833474518
0.983961400217522
1.0019684783674607
1.0072516262832112
1.0014574021178548
1.0126877753440822
1.0077972910136446
0.99915377516074
1.0208549034848629
1.03167435841303
1.0252310406610865
1.0304094884714692
1.0478515777899147
1.0703860794706506
1.0587937193918258
1.056246322838779
1.0522358273084802
1.0562004324176582
1.0726795941184264
1.0822041836499006
1.0558674631311211
1.0485072139757647
1.0321973155612374
1.0247972105491363
1.0484773277965445
1.0513757657467018
1.0438216374977105
1.0369294500946045
1.0462106571956267
1.0378778605674295
1.0516827679772984
1.0505735163636365
1.0737349116435648
1.0834042948750593
1.0987516573728615
1.0879821435912658
1.0757465481136197
1.0709258231385728
1.0945235235311361
1.081708707188654
1.0789933587319338
1.0654192825890403
1.0793424944306111
1.085918730972129
1.1147503154597096
1.0929300481598834
1.0854846317915754
1.0841574395704627
1.0736178954494506
1.0850467764633518
1.0626738079191476
1.049266137165481
1.0770504686211186
1.0621214365548204
1.089071423433182
1.0646902521095958
0.9895645364552116
0.9819804184044074
0.9828342653426485
1.0067271072979562
1.0038345669606599
1.0018969390676133
1.0191767593738725
1.024090350730679
1.0464468948301018
1.028716483731245
1.0220141302537886
1.0365135710732105
1.0301010016411722
1.0168996034049997
1.036185835836127
1.0347218037677985
1.0503410071634494
1.0397445743234914
1.0566307241321493
1.0479157233882745
1.027103681442151
1.0025335977742367
1.0222062432568673
1.025495248225209
0.9976271020939809
1.0216318842700989
1.0032503481870776
1.0044291137523547
1.044627173527721
1.0626340423886982
1.049452847196351
1.0460183732609327
1.0695919371798686
1.068914054566275
1.08838853861361
1.073856021698541
1.0401453589620495
1.046179588531745
1.046738784809448
1.055443987882338
1.0541108714404517
1.068758605746052
1.0616301577145257
1.0396346190422425
1.0476114493313256
1.0345788969583205
1.0537902370454646
1.0530942337155085
1.0490011332221456
1.0264524747147514
1.024341660625187
1.0583774709370917
1.0839537357392715
1.082230414365888
1.0778371026933187
1.0507399431254503
1.0463621930901017
1.0584451577806868
1.0392193781808625
1.0214749281492326
1.0102069652290067
1.0095674470859093
1.0140936707064387
0.9997491659666072
1.023949946651986
1.0098147328123592
1.0357158857241315
1.034971447835946
1.0453935534915595
1.0598681814501623
1.0667668101390047
1.0800379392273582
1.061565977252041
1.081535760846518
1.0947957537653148
1.1055654916154871
1.101303857976953
1.1138553563986895
1.0854113282390294
1.0928550101949004
1.0854450068817367
1.086446259817123
1.0868374309996418
1.1045195373976378
1.0969317040770856
1.1042020712144354
1.1376772859560706
1.1338431197198737
1.1028374242782348
1.0922902706323845
1.088994783642466
1.075547655326199
1.102150545967813
1.106498380062609
1.074554372562891
1.0684504655577394
1.0259798286798207
1.0143227323781694
1.0564979101465022
1.04231759863082
1.009768391653995
1.0168198492581824
1.0083478409269304
0.9873030804452709
1.009291188950029
1.0296985365403277
1.007135876300671
1.0190558017122122
1.008692110900852
0.9961219353694759
0.9883646232479947
0.9804903933323671
0.9970243749378596
0.988031053082545
0.9800178171523566
0.9865576987542128
1.0045348624858137
0.9933818800902526
0.9939148967483313
0.983260762295616
1.0212462115733136
1.0328022467182907
1.008252499502829
1.0117156941261864
1.0058792224603608
1.0137309868846376
0.9923436374824183
0.9794904258020799
0.9847616494218385
0.9724646241985564
0.996227995117171
0.9816370647814041
0.9846460926613871
0.9651028713966724
0.9596360928842259
0.9633636030313504
0.986842422176476
0.9863360600998208
1.0084735813338563
0.9988013808342227
0.9994182280795421
1.0197062577326574
1.0323053143441558
1.0088038480859307
0.9585419035768532
0.930269158875495
0.9559776950016892
0.9542882748130594
0.9647549553882436
0.9654335440975659
0.9592191326658717
0.9586825120667541
0.9704679232160706
0.9598079460562047
0.9750870358290499
0.9847409164681815
1.0077972397809345
1.0092589145162618
1.039499119828199
1.0394466875477029
1.0632603754435008
1.0682815407885138
1.0842152709784936
1.0684306254423945
1.1055420793123183
1.1007852392524335
1.1181467832131669
1.1344031782978605
1.0852117161277715
1.057939164583277
1.0655587157150974
1.0880656339135342
1.0789110052417148
1.0730503781686886
1.0852674880835427
1.0654056028850631
1.0540044873376824
1.0669665259607568
1.0377721856146889
1.0540491138276484
1.0584595943268134
1.0490384990162893
1.0705410518060932
1.054908407541959
1.0277213434992474
1.0282088225906325
1.0416276048839874
1.0326315901468799
1.0192438854410213
1.0116285191429548
1.0421890821443078
1.0365484859936955
1.070582711082016
1.0958121864635813
1.1164012422552754
1.1394535971222322
1.0899581971242003
1.0910769583624902
1.1058701044551116
1.1095732833127718
1.1386960674520001
1.1491785961422993
1.1557459076940952
1.1327365468223425
1.100733995899533
1.0934531635246134
1.1114510819461625
1.1030728641946923
1.0813445078772967
1.078465354867621
1.0973585687343497
1.102133000622649
1.130373648344927
1.1094620173683687
1.0911610622089454
1.0994144208172871
1.1032921613856344
1.0992014232128289
1.0893770330636627
1.063481511014731
1.077371107798116
1.0699988120387267
1.0450053546551707
1.0557862603037704
1.063769533151599
1.0881673870353519
1.1086969959163722
1.1186979094432343
1.116266431227786
1.1340572675951501
1.1064154622925555
1.1150708534702356
1.097242441820958
1.0843874499532462
1.1145452592350253
1.0959976546109733
1.0708106057140798
1.0953221016882293
1.115900747028202
1.105900412432789
1.1250261672480375
1.1104415694741157
1.1058511076136732
1.0918033126088094
1.0891768840686733
1.0907327423424615
1.0493125743901854
1.0495072436627806
1.041756603812706
1.0318273641357028
1.0370839999690469
1.0544240106506024
1.0554686343763537
1.0579160963176166
1.065610450372309
1.0609771561943362
1.0855736199607453
1.070866990317226
1.0535489680046006
1.0642417828725432
1.036333258365376
1.0390051517301842
1.0452023296613886
1.058459961223761
1.0681872420453906
1.0704944293508694
1.0816728706218894
1.0896519198105923
1.0812260730431813
1.0616912266699983
1.068701209532157
1.04517508242053
1.043218098130482
1.070388300135986
1.085414129375415
1.082823206785332
1.091441766601159
1.094342104039209
1.0939194935786603
1.1027015672538136
1.0832655435074383
1.0822516804304896
1.106992507576552
1.088434384386776
1.1080649020375906
1.0915971438165895
1.1219876968003848
1.0975040599882218
1.0957431258460073
1.0892188985262687
1.074403141615369
1.053765970238111
1.065285756445791
1.0457154685479007
1.0433868925534915
1.038005001385483
1.0588564021005171
1.0693632529781296
1.0583431749761651
1.0395838350375488
1.0377497761017926
1.0265816411658386
1.0238524932794362
1.026982257366619
1.0099054816453905
1.0360170027159612
1.0251819483738824
1.0095601308482967
1.0134414166229462
1.0225362856270188
1.0099466436245226
0.9987132535801005
1.0225422087847422
1.0302320477604057
1.003000592036414
1.0148009730108203
1.0425100025356921
1.068601595429212
1.0591864119039467
1.0615671536276734
1.1075976466961073
1.105014485629877
1.1251285903235566
1.1407187317268666
1.1096149360865353
1.1204958734315855
1.127902993398667
1.150745424677057
1.1450476547535073
1.152914538843425
1.1179677101496652
1.1089517377823468
1.1053101967890335
1.0926063356389837
1.092285613452368
1.0810587593279268
1.1120859300880586
1.1016585524678213
1.0894824961936553
1.0863171056200203
1.0776809672044754
1.084214466488066
1.0703100988731842
1.0855904816613269
1.0670445607846615
1.085165077387466
1.0919867948133781
1.1055003372270311
1.063933351355296
1.065612382406145
1.0454688017424383
1.0407633158250476
1.0568234280149646
1.045596596720794
1.05480913365149
1.078623702463675
1.081637181474926
1.0690116965876535
1.0603024944900183
1.0624229973519683
1.0885934246957651
1.108522839056346
1.0955623764725095
1.1049386301898296
1.0629545941613079
1.0716942593079806
1.0469760026464143
1.0309119547225167
1.0224961906813985
1.038888280593916
1.05043997434428
1.0686789590790013
1.0558399946053139
1.0352193229656959
1.0062172146801478
0.9979254019744562
0.9947021591915954
0.9863774019629119
1.0045602216151712
0.995138249244042
1.0176693602882476
1.0093777309930188
0.9858327409784653
0.9894095240304154
0.9898416020620148
0.9799488630969021
0.9907561579070648
1.0168734086607876
1.0061542041812894
0.9935342878580689
0.9934426562516435
1.0115626127983393
1.0121453326651266
1.0176612793394164
1.0318541889104393
1.0200610842983733
0.9958267663692338
1.007606883731135
1.022711787623715
1.0004849647068252
0.9849242839872648
0.9832938077821576
0.9852520838471372
0.9758687402840525
0.9716349245650946
0.9457862491037458
0.9271766794228135
0.9457848455562873
0.969027719105996
0.9855983541726784
0.9650565911909098
0.9622930001878303
0.9873586036573272
0.9990917174402884
0.9891353904123826
0.9976827303102421
0.9953421475233539
1.0036195480153278
1.0195663358894238
1.0453210896384781
1.0512600983344258
1.045314846338432
1.0659282537848909
1.058087225742296
1.0754029792135795
1.0683364044894015
1.0828776266568423
1.077587245509998
1.0853992091372664
1.0724597078137235
1.077900731602036
1.087843759159882
1.044834866128368
1.0168474420425968
0.9999699404105614
1.0131282069827185
1.0314533513532915
1.0590668274358102
1.0538580313010486
1.0386069178466801
1.0587548288539614
1.0567885620691906
1.09002027104322
1.1093387015432579
1.0768068132559239
1.0733768996547652
1.0973105951687887
1.0797189762519723
1.0793604028047956
1.096917504491128
1.0995044247350079
1.1088330986530321
1.0696405259757593
1.0465315301810458
1.0616642383936385
1.0859802828078355
1.051757105572767
1.0383383829378836
1.062283327408723
1.0547212675021016
1.0448845962419298
1.0474354775881978
1.0526323876079597
1.073568541427321
1.0522665551775752
1.027927853877774
1.0144477583297429
1.025496166144029
1.035208182837341
1.0167331474496335
1.0236897040556459
1.0260100956115685
1.041713794560794
1.040045743192671
1.0472631629438143
1.0508286035257692
1.021310821217829
1.038624451611909
1.0402167732734808
1.0388614570292394
1.0122943627781082
1.0065863911097919
0.992256647895229
1.0120141396162485
1.0163258581691315
1.020370820725205
1.026637411671551
1.0114306988229311
0.9862652424388347
0.9728255438055337
0.9681787431922987
0.9607128997372855
0.9559563402590844
0.9757548701189648
0.9776398177664389
0.9731759870500167
1.0142858228585894
1.0245101952582853
1.0154340989818478
1.038202835247616
1.0217948990326582
1.0164153323536391
1.0403178689886345
1.031177837547978
1.020340997627557
1.030081730363115
1.0074608016789506
1.0219233127942373
1.0365758322307186
1.0459212684213248
1.0487629075322684
1.0629591211519265
1.1371220849145856
1.1379783674875974
1.1198273770695224
1.1268409907274592
1.1004077175527924
1.0773430653826161
1.0970397030172492
1.116903784357146
1.100630434250971
1.1173774701405423
1.1189257969866375
1.1307255111192829
1.1190501823730754
1.1145147627030927
1.1152663654845156
1.1061041216056917
1.153360522889845
1.1757032811282695
1.1680090217344783
1.1598084342245722
1.1966184195181273
1.1977847668999284
1.1926756476714213
1.1905878216341665
1.166328103366075
1.1824193712618856
1.1901494250720417
1.1932369582734799
1.1690219122948209
1.1772786652228286
1.1543669198725472
1.1439905762669882
1.15317419266445
1.1500271148073637
1.157343772173533
1.1322540386198898
1.135963646560622
1.1316155300865942
1.118770179445882
1.1268018856311146
1.165250935576492
1.1854365912457345
1.1871225514549624
1.1674861631194666
1.156211567229561
1.1536554213758
1.1812507515249937
1.1943210836561156
1.2125624211872703
1.212383501154753
1.219855919295765
1.2037025562822534
1.195195409428246
1.1981940295855416
1.212562717178295
1.21184689872652
1.2389077750211002
1.2234966946976962
1.2368458758283436
1.2561915102150432
1.2266993690935513
1.2370627149824642
1.2357726674480398
1.2546854465582769
1.2765084174021752
1.259061959736082
1.2383853404223788
1.2539512831001638
1.2488784957077699
1.2586464151736003
1.237283483422815
1.2284336963734348
1.273383460738943
1.298112396971275
1.3082652717164178
1.2961982567972465
1.2542968456182222
1.2663657994891995
1.2758482575716408
1.2607067831131138
1.244744835014587
1.2554166752922378
1.2543732993752432
1.2226801808447942
1.2018371529507954
1.189062609644025
1.1964201896887996
1.214031761238756
1.1914720993985763
1.172754520865063
1.1654660288701153
1.1587046733721567
1.1711178048704536
1.1964226551961432
1.1826443411113208
1.168761542375282
1.2093328501273528
1.229880236346257
1.2380343122743056
1.215558709353769
1.2029741467392105
1.2138305834989331
1.1788043763939084
1.192547904194987
1.1988303729256342
1.2096826621035313
1.186158126611114
1.1698237732256151
1.172307171824126
1.16032679765229
1.1637720476075142
1.172850688286449
1.1539840055802704
1.172498939616187
1.2003968138537568
1.231359450289526
1.230821001284945
1.2497224959073698
1.237367871827022
1.227881915156665
1.24644953992004
1.2605094304584783
1.2858451895876664
1.2688766374430251
1.2516365355764991
1.2171209263614742
1.2061488302563805
1.1967666950539468
1.1602601053439874
1.168777901277382
1.1779235899330598
1.172220114417742
1.1581706727463992
1.138918754243436
1.1409474062569644
1.1588950866052226
1.166668877915887
1.1625710644715317
1.1291170423874108
1.130826800171071
1.0997579581392376
1.1190429598327603
1.1077828540533758
1.1222819519008143
1.1118749009129882
1.1044497945003795
1.094018048521078
1.1185362401197227
1.1290813377241244
1.1161634106369618
1.109129692438611
1.116638001095536
1.114580473549503
1.0869493657882974
1.066266116329963
1.0579029981078938
1.0477471373897065
1.0220724976479414
1.0169397086251193
1.0040971522709052
0.9870913088064166
1.0156434356710569
1.0208447086735086
1.0482260945939956
1.0453218490774336
1.0409998854745743
1.0707129594936176
1.0598739762054825
1.0602781261080882
1.087907752247333
1.097114324703165
1.0793693936165576
1.0656384437032929
1.0752904122416873
1.082513668984389
1.0905802842051529
1.0865458811257631
1.1068544595250773
1.1287568705178104
1.0976561430513563
1.0608291102395513
1.0597177880074347
1.0705608346066247
1.0729829101443253
1.1181961887333314
1.1223179117842896
1.0966371526640255
1.0953171572132283
1.0794288265308172
1.0843132585593835
1.090134760572383
1.0785235470430494
1.1013694937761167
1.128363168954855
1.1494510264547217
1.1442540418382527
1.1224778557056287
1.1007298737494222
1.127701023383048
1.1365459537297715
1.125913367539245
1.1015828460265376
1.0735460125694951
1.0816009842877088
1.1141271660554308
1.1087788760417083
1.1007101506134438
1.1079720097273227
1.0797645854256173
1.106198955089018
1.1233789248138486
1.1077813026807641
1.1288092260631402
1.1114717198960857
1.1335413907248049
1.1065157261661587
1.0701487713183429
1.054470953607503
1.062703134294042
1.0581131138325621
1.0645171338461132
1.0413005735238412
1.0440194350834746
1.0265537680777834
1.03497898396211
1.0473405017340014
1.0148175279182818
1.023442760244398
1.0213919632032105
1.0007397223711116
0.9851385233736083
1.0039879769200448
1.0075568468635976
1.0278551574967498
1.009998307440164
1.015551233009779
1.0253016913475315
1.0205574767490093
1.036439370879982
1.0536562187110077
1.0370494681636813
1.0484374065124475
1.0659920243153005
1.0569608516967937
1.0475937403442537
1.0296093869194436
1.022224520309443
1.0098404684805697
1.0005013745864098
0.995129012020012
0.974177214117346
0.9812871966971671
1.0125410399830441
1.0078035101800518
0.9928016597920869
1.0163982420955742
